Sample	Bacillariophyta	Bolidophyceae	Chrysophyceae	Dictyochophyceae	Pelagophyceae	Phaeophyceae	Pinguiophyceae	Raphidophyceae	Strameno_all	Photo_all	depth_level	station	template	fraction	ntags	Month	Latitude	Longitude	sampling_depth	date	chloro_hplc	tara_NO2	tara_PO4	NO2NO3	tara_SI	tara_temp	tara_salinity
TV9_237	17165	12	26	155	233	0	11	0	17602	22708	DCM	4	WGA/D	5-20	1796545	sep	36.55333333	-6.56685	40	15-Sep-2009 16:45:02							
TV9_234	6159	42	223	487	138	12	2	0	7063	8817	SUR	4	D	5-20	2128487	sep	36.55333333	-6.56685	3	15-Sep-2009 16:45:02	0.098404						
TV9_254	59786	1293	8758	21967	73474	1835	19	0	167132	427846	DCM	4	D	0.8-5	2122955	sep	36.55333333	-6.56685	40	15-Sep-2009 16:45:02							
TV9_235	4689	1036	7494	21293	4774	526	40	0	39852	93006	SUR	4	D	0.8-5	976685	sep	36.55333333	-6.56685	3	15-Sep-2009 16:45:02	0.098404						
TV9_236	6280	2	21	14	13	0	6	0	6336	8976	DCM	4	WGA/D	180-2000	1857697	sep	36.55333333	-6.56685	40	15-Sep-2009 16:45:02							
TV9_233	1000	188	670	1026	722	11	5	0	3622	5392	SUR	4	D	180-2000	3150580	sep	36.55333333	-6.56685	3	15-Sep-2009 16:45:02	0.098404						
TV9_20	12517	24	296	265	40	12	50	18	13222	14299	DCM	7	WGA/D	5-20	2549282	sep	36.05	-1.933333333	42	23-Sep-2009 16:52:22	0.553274	0.005	0.026	0.400	0.652	17.577	37.175
TV9_16	64721	163	593	1658	31	25	229	21	67441	70406	SUR	7	WGA/D	5-20	1606212	sep	36.05	-1.933333333	3	23-Sep-2009 15:06:15	0.0812	0.076	0.041	0.230	0.998	23.841	37.544
TV9_21	8126	2991	10069	19440	1687	382	20	48	42763	81891	DCM	7	D	0.8-5	1625284	sep	36.05	-1.933333333	42	23-Sep-2009 16:52:22	0.553274	0.005	0.026	0.400	0.652	17.577	37.175
TV9_17	13584	2261	25834	48876	871	2738	32	23	94219	144725	SUR	7	D	0.8-5	1334743	sep	36.05	-1.933333333	3	23-Sep-2009 15:06:15	0.0812	0.076	0.041	0.230	0.998	23.841	37.544
TV9_19	661	0	14	13	41	1	4	0	734	892	DCM	7	D	180-2000	1221375	sep	36.05	-1.933333333	45	23-Sep-2009 16:52:22	0.553274	0.005	0.026	0.400	0.652	17.577	37.175
TV9_15	227	0	5	2	4	0	5	0	243	342	SUR	7	D	180-2000	1120111	sep	36.05	-1.933333333	3	23-Sep-2009 15:06:15	0.0812	0.076	0.041	0.230	0.998	23.841	37.544
TV9_22	10354	58	226	510	54	5	40	1	11248	12400	DCM	7	D	20-180	1526943	sep	36.05	-1.933333333	45	23-Sep-2009 16:52:22	0.553274	0.005	0.026	0.400	0.652	17.577	37.175
TV9_18	10192	1	51	33	19	3	117	0	10416	11464	SUR	7	D	20-180	2072395	sep	36.05	-1.933333333	3	23-Sep-2009 15:06:15	0.0812	0.076	0.041	0.230	0.998	23.841	37.544
TV9_265	46	0	4	11	7	0	3	0	71	85	DCM	9	WGA/D	5-20	408013	sep	39.06006667	5.9315	50	28-Sep-2009 13:36:58	0.434367	0.014	0.020	0.027	0.750	24.644	37.930
TV9_266	53108	866	4821	5586	2591	142	2429	0	69543	104023	SUR	9	WGA/D	5-20	4194704	sep	39.06006667	5.9315	3	28-Sep-2009 13:36:58	-0.0247	0.014	0.020	0.027	0.750	24.525	37.806
TV9_87	17753	265	3870	15548	37127	1478	1	16	76058	180809	DCM	9	D	0.8-5	1213719	sep	39.06006667	5.9315	50	28-Sep-2009 13:36:58	0.434367	0.014	0.020	0.027	0.750	24.644	37.930
TV9_85	7466	2242	18754	39977	970	4516	90	56	74071	159650	SUR	9	D	0.8-5	1726362	sep	39.06006667	5.9315	3	28-Sep-2009 13:36:58	-0.0247	0.014	0.020	0.027	0.750	24.525	37.806
TV9_86	32	0	2	4	16	0	0	0	54	383	DCM	9	D	180-2000	1916838	sep	39.06006667	5.9315	50	28-Sep-2009 13:36:58	0.434367	0.014	0.020	0.027	0.750	24.644	37.930
TV9_84	2262	65	816	2460	3914	276	4	1	9798	23658	SUR	9	D	180-2000	1648418	sep	39.06006667	5.9315	3	28-Sep-2009 13:36:58	-0.0247	0.014	0.020	0.027	0.750	24.525	37.806
TV9_268	617858	0	1147	0	1	0	521	0	619527	625534	SUR	11	WGA/D	5-20	1695575	oct	41.6686	2.7996		4-Oct-2009 09:15:00							
TV9_267	23786	490	5509	8066	1785	898	151	0	40685	67697	SUR	11	D	0.8-5	1891056	oct	41.6686	2.7996		4-Oct-2009 09:15:00							
TV9_270	655	11	404	920	865	118	1	1	2975	6012	SUR	11	D	180-2000	1919399	oct	41.6686	2.7996		4-Oct-2009 09:15:00							
TV9_269	560	13	106	154	37	16	5	0	891	1477	SUR	11	D	20-180	1863513	oct	41.6686	2.7996		4-Oct-2009 09:15:00							
TV9_272	54	0	9	21	1	0	0	0	85	1334	DCM	16	WGA/D	5-20	836038	oct	37.4055	15.454	44.8057	27-Oct-2009 16:02:55	0.157246	-0.032	-0.016	-0.204	4.257	36.773	37.633
TV9_273	11068	61	118	1319	2554	53	7	0	15180	24539	SUR	16	WGA/D	5-20	1439711	oct	37.4055	15.454	5.40542	27-Oct-2009 08:17:16	0.102723	0.015	0.041	0.011	0.665	21.024	38.147
TV9_271	25607	335	15247	36649	35544	4221	13	18	117634	237357	DCM	16	D	0.8-5	1761849	oct	37.4055	15.454	44.8057	27-Oct-2009 16:02:55	0.157246	-0.032	-0.016	-0.204	4.257	36.773	37.633
TV9_274	27720	958	23323	83202	915	1624	1827	0	139569	199544	SUR	16	D	0.8-5	2034603	oct	37.4055	15.454	5.40542	27-Oct-2009 08:17:16	0.102723	0.015	0.041	0.011	0.665	21.024	38.147
TV9_140	918	0	3	17	5	1	0	0	944	1130	DCM	18	D	5-20	1210915	nov	35.75903333	14.25735	55	02-Nov-2009 12:43:06	0.132494	0.034	0.043	0.113	0.284	31.882	37.749
TV9_136	10316	28	509	777	72	80	17	0	11799	13813	SUR	18	D	5-20	1666693	nov	35.75903333	14.25735	3	02-Nov-2009 08:18:39	0.048898	0.010	0.030	0.132	0.594	21.456	37.892
TV9_141	4064	231	9238	17640	8476	1184	10	59	40902	83266	DCM	18	D	0.8-5	1938169	nov	35.75903333	14.25735	55	02-Nov-2009 12:43:06	0.132494	0.034	0.043	0.113	0.284	31.882	37.749
TV9_137	4705	1269	24536	35151	2551	4580	44	24	72860	145510	SUR	18	D	0.8-5	1514487	nov	35.75903333	14.25735	3	02-Nov-2009 08:18:39	0.048898	0.010	0.030	0.132	0.594	21.456	37.892
TV9_139	1085	1	8	22	6	1	0	0	1123	1231	DCM	18	D	180-2000	1991751	nov	35.75903333	14.25735	55	02-Nov-2009 12:43:06	0.132494	0.034	0.043	0.113	0.284	31.882	37.749
TV9_135	54	0	8	7	5	0	0	0	74	138	SUR	18	D	180-2000	1959472	sep	35.75903333	14.25735	3	02-Nov-2009 08:18:39	0.048898	0.010	0.030	0.132	0.594	21.456	37.892
TV9_142	8569	0	17	25	16	2	13	0	8642	9129	DCM	18	D	20-180	2474520	nov	35.75903333	14.25735	55	02-Nov-2009 12:43:06	0.132494	0.034	0.043	0.113	0.284	31.882	37.749
TV9_138	2138	61	645	1265	43	76	12	0	4240	5862	SUR	18	D	20-180	1794253	nov	35.75903333	14.25735	3	02-Nov-2009 08:18:39	0.048898	0.010	0.030	0.132	0.594	21.456	37.892
TV9_276	219	0	27	4	7	2	0	0	259	319	SUR	20	WGA/D	5-20	2384276	nov	34.5047	14.8991	5.43325	12-Nov-2009 11:48:45	0.048936	0.003	0.012	0.022	0.531	21.997	38.434
TV9_275	4880	937	21578	58761	1835	2540	3	31	90565	167066	SUR	20	D	0.8-5	2644384	nov	34.5047	14.8991	5.43325	12-Nov-2009 11:48:45	0.048936	0.003	0.012	0.022	0.531	21.997	38.434
TV9_278	14	0	0	6	0	0	0	0	20	149	SUR	20	D	180-2000	1211327	nov	34.5047	14.8991	5.43325	12-Nov-2009 11:48:45	0.048936	0.003	0.012	0.022	0.531	21.997	38.434
TV9_277	6422	3	3	27	19	0	0	0	6474	6989	SUR	20	D	20-180	3317794	nov	34.5047	14.8991	5.43325	12-Nov-2009 11:48:45	0.048936	0.003	0.012	0.022	0.531	21.997	38.434
TV9_280	24702	0	121	378	25	7	10	1	25244	27986	DCM	22	D	5-20	1472570	nov	39.824	17.4034	31.1477	16-Nov-2009 16:51:04	0.25794	-0.151	0.012	-0.449	0.799	18.433	38.030
TV9_284	14390	2	101	185	9	2	8	0	14697	15843	SUR	22	D	5-20	1453080	nov	39.824	17.4034	5.47183	16-Nov-2009 08:06:26	0.180911	0.102	0.023	0.214	2.059	18.381	38.091
TV9_279	7526	436	7820	15997	1982	446	1	1	34209	80183	DCM	22	D	0.8-5	1713918	nov	39.824	17.4034	31.1477	16-Nov-2009 16:51:04	0.25794	-0.151	0.012	-0.449	0.799	18.433	38.030
TV9_283	16174	264	4234	8148	1448	228	22	1	30519	53150	SUR	22	D	0.8-5	1763142	nov	39.824	17.4034	5.47183	16-Nov-2009 08:06:26	0.180911	0.102	0.023	0.214	2.059	18.381	38.091
TV9_282	18386	8	348	1093	368	50	20	0	20273	21666	DCM	22	D	180-2000	1911138	nov	39.824	17.4034	31.1477	16-Nov-2009 16:51:04	0.25794	-0.151	0.012	-0.449	0.799	18.433	38.030
TV9_286	3547	1	14	49	0	2	1	0	3614	3990	SUR	22	D	180-2000	1750767	nov	39.824	17.4034	5.47183	16-Nov-2009 08:06:26	0.180911	0.102	0.023	0.214	2.059	18.381	38.091
TV9_281	43123	0	204	247	13	0	3	0	43590	44622	DCM	22	D	20-180	1115559	nov	39.824	17.4034	31.1477	16-Nov-2009 16:51:04	0.25794	-0.151	0.012	-0.449	0.799	18.433	38.030
TV9_285	26807	0	64	689	2	1	2	0	27565	29351	SUR	22	D	20-180	2035843	nov	39.824	17.4034	5.47183	16-Nov-2009 08:06:26	0.180911	0.102	0.023	0.214	2.059	18.381	38.091
TV9_132	1987	0	0	5	4	0	0	0	1996	2020	DCM	23	D	5-20	1416570	nov	42.20535	17.71401667	55	18-Nov-2009 15:32:48	0.177404	0.013	0.012	0.050	1.051	15.955	38.303
TV9_128	13979	21	796	1104	90	39	11	0	16040	20213	SUR	23	D	5-20	1477948	nov	42.20535	17.71401667	3	18-Nov-2009 10:33:13	0.138686	-0.001	0.015	0.079	1.430	17.172	38.224
TV9_133	11585	420	7107	12554	25624	1754	1	8	59053	127786	DCM	23	D	0.8-5	1558520	nov	42.20535	17.71401667	55	18-Nov-2009 15:32:48	0.177404	0.013	0.012	0.050	1.051	15.955	38.303
TV9_129	4172	1170	37901	40802	3421	2206	14	4	89690	233686	SUR	23	D	0.8-5	1895742	nov	42.20535	17.71401667	3	18-Nov-2009 10:33:13	0.138686	-0.001	0.015	0.079	1.430	17.172	38.224
TV9_131	14874	1	95	100	34	3	1	0	15108	15349	DCM	23	D	180-2000	1820425	nov	42.20535	17.71401667	50	18-Nov-2009 15:32:48	0.177404	0.013	0.012	0.050	1.051	15.955	38.303
TV9_127	2442	0	3	7	5	4	1	0	2462	2555	SUR	23	D	180-2000	1158540	nov	42.20535	17.71401667	3	18-Nov-2009 10:33:13	0.138686	-0.001	0.015	0.079	1.430	17.172	38.224
TV9_134	12314	19	844	317	287	0	144	0	13925	17313	DCM	23	WGA/D	20-180	2157383	nov	42.20535	17.71401667	50	18-Nov-2009 15:32:48	0.177404	0.013	0.012	0.050	1.051	15.955	38.303
TV9_130	8602	15	543	1116	638	65	3	0	10982	13967	SUR	23	D	20-180	1760816	nov	42.20535	17.71401667	3	18-Nov-2009 10:33:13	0.138686	-0.001	0.015	0.079	1.430	17.172	38.224
TV9_289	51	0	3	8	0	2	1	0	65	100	SUR	24	D	180-2000	1671407	nov	42.4569	17.9521	5.43471	21-Nov-2009 12:33:32	0.185275	0.015	0.007	0.086	2.793	18.165	37.488
TV9_288	11089	0	94	391	12	2	2	0	11590	11984	SUR	24	D	20-180	1231161	nov	42.4569	17.9521	5.43471	21-Nov-2009 12:33:32	0.185275	0.015	0.007	0.086	2.793	18.165	37.488
TV9_114	4383	3	200	357	22	11	4	1	4981	5985	DCM	25	WGA/D	5-20	1125653	nov	39.38875	19.3905	50	23-Nov-2009 12:40:47	0.201016	0.068	0.073	0.154	1.823	15.195	38.481
TV9_110	8980	0	52	150	4	0	0	0	9186	9827	SUR	25	D	5-20	1821186	nov	39.38875	19.3905	3	23-Nov-2009 09:14:21	0.121845	0.005	0.008	0.018	1.044	18.352	38.189
TV9_115	2002	149	10088	12781	28320	721	2	12	54075	92511	DCM	25	D	0.8-5	1457119	nov	39.38875	19.3905	50	23-Nov-2009 12:40:47	0.201016	0.068	0.073	0.154	1.823	15.195	38.481
TV9_111	2474	1451	26681	41752	2217	1531	1	18	76125	154058	SUR	25	D	0.8-5	1476962	nov	39.38875	19.3905	3	23-Nov-2009 09:14:21	0.121845	0.005	0.008	0.018	1.044	18.352	38.189
TV9_113	509	0	1	0	4	0	0	0	514	545	DCM	25	D	180-2000	1948018	nov	39.38875	19.3905	50	23-Nov-2009 12:40:47	0.201016	0.068	0.073	0.154	1.823	15.195	38.481
TV9_109	82	0	3	5	1	0	0	0	91	102	SUR	25	D	180-2000	1424203	nov	39.38875	19.3905	3	23-Nov-2009 09:14:21	0.121845	0.005	0.008	0.018	1.044	18.352	38.189
TV9_116	23578	0	199	237	63	1	0	0	24078	24892	DCM	25	D	20-180	1951559	nov	39.38875	19.3905	50	23-Nov-2009 12:40:47	0.201016	0.068	0.073	0.154	1.823	15.195	38.481
TV9_112	21432	0	87	183	17	0	0	0	21719	21870	SUR	25	D	20-180	1464145	nov	39.38875	19.3905	3	23-Nov-2009 09:14:21	0.121845	0.005	0.008	0.018	1.044	18.352	38.189
TV9_292	657	1	83	63	5	6	17	0	832	1038	SUR	26	D	180-2000	1077971	nov	38.4681	20.1744	5.4175	24-Nov-2009 07:50:53	0.121845	0.006	0.009	0.009	1.032	18.989	38.339
TV9_291	11697	0	20	89	10	1	7	0	11824	12154	SUR	26	D	20-180	1600301	nov	38.4681	20.1744	5.4175	24-Nov-2009 07:50:53	0.121845	0.006	0.009	0.009	1.032	18.989	38.339
TV9_293	3423	6	2901	9490	104	84	46	0	16054	34658	DCM	30	WGA/D	5-20	4136731	dec	33.91795	32.89436667	69.0713	15-Dec-2009 16:17:39	0.141478	0.007	0.000	0.019	0.666	17.936	39.214
TV9_294	404	3	47	130	17	2	19	0	622	1450	SUR	30	WGA/D	5-20	3573195	dec	33.91795	32.89436667	3	15-Dec-2009 12:08:27	0.068507	0.000	0.000	0.046	0.818	20.444	39.423
TV9_13	1461	513	13553	17108	1615	1743	0	8	36001	77946	DCM	30	D	0.8-5	1482612	dec	33.91795	32.89436667	69.0713	15-Dec-2009 16:17:39	0.141478	0.007	0.000	0.019	0.666	17.936	39.214
TV9_10	588	398	13119	13217	1174	1652	0	21	30169	60525	SUR	30	D	0.8-5	622948	dec	33.91795	32.89436667	3	15-Dec-2009 12:08:27	0.068507	0.000	0.000	0.046	0.818	20.444	39.423
TV9_9	141	0	8	7	4	0	2	0	162	303	SUR	30	D	180-2000	1480290	dec	33.91795	32.89436667	3	15-Dec-2009 12:08:27	0.068507	0.000	0.000	0.046	0.818	20.444	39.423
TV9_14	953	17	4	13	21	4	1	0	1013	2412	DCM	30	WGA/D	20-180	1970544	dec	33.91795	32.89436667	69.0713	15-Dec-2009 16:17:39	0.141478	0.007	0.000	0.019	0.666	17.936	39.214
TV9_11	2468	1	58	40	11	0	3	0	2581	3369	SUR	30	D	20-180	1915640	dec	33.91795	32.89436667	3	15-Dec-2009 12:08:27	0.068507	0.000	0.000	0.046	0.818	20.444	39.423
TV9_199	222	0	18	33	69	1	1	0	344	881	SUR	31	D	180-2000	1702629	jan	27.16	34.835	3	09-Jan-2010 08:43:51	0.027811	0.017	0.033	0.025	0.764	25.037	39.923
TV9_201	1680	0	2	7	43	0	4	0	1736	2872	SUR	31	D	20-180	1984736	jan	27.16	34.835	3	09-Jan-2010 08:43:51	0.027811	0.017	0.033	0.025	0.764	25.037	39.923
TV9_251	1284	3	422	122	14	8	11	0	1864	2825	DCM	32	WGA/D	5-20	1825857	jan	23.36	37.21833333	80	11-Jan-2010 14:27:54	0.214328	0.010	0.025	0.012	0.850	26.144	40.181
TV9_247	4093	1	48	244	20	1	7	0	4414	4814	SUR	32	WGA/D	5-20	1111481	jan	23.36	37.21833333	3	11-Jan-2010 08:33:59	0.003362	0.017	0.025	0.000	0.864	25.992	39.718
TV9_252	3628	22	975	1721	22438	135	1	4	28924	72839	DCM	32	D	0.8-5	1319440	jan	23.36	37.21833333	80	11-Jan-2010 14:27:54	0.214328	0.010	0.025	0.012	0.850	26.144	40.181
TV9_248	2041	308	12917	9392	1720	659	0	11	27048	59324	SUR	32	D	0.8-5	805739	jan	23.36	37.21833333	3	11-Jan-2010 08:33:59	0.003362	0.017	0.025	0.000	0.864	25.992	39.718
TV9_250	208	0	3	8	17	0	0	0	236	266	DCM	32	D	180-2000	1111037	jan	23.36	37.21833333	80	11-Jan-2010 14:27:54	0.214328	0.010	0.025	0.012	0.850	26.144	40.181
TV9_246	576	2	116	213	2548	14	0	0	3469	8481	SUR	32	D	180-2000	1577664	jan	23.36	37.21833333	3	11-Jan-2010 08:33:59	0.003362	0.017	0.025	0.000	0.864	25.992	39.718
TV9_253	6140	0	15	13	97	0	2	0	6267	6539	DCM	32	D	20-180	1722710	jan	23.36	37.21833333	80	11-Jan-2010 14:27:54	0.214328	0.010	0.025	0.012	0.850	26.144	40.181
TV9_249	2993	3	14	22	72	0	2	0	3106	3417	SUR	32	D	20-180	1888062	jan	23.36	37.21833333	3	11-Jan-2010 08:33:59	0.003362	0.017	0.025	0.000	0.864	25.992	39.718
TV9_202	129	0	1	2	36	0	0	0	168	480	SUR	33	D	180-2000	1475449	jan	21.94666667	38.25166667	3	13-Jan-2010 09:27:15	0.116858	0.001	0.058	0.003	1.179	27.295	38.951
TV9_204	996	0	2	3	38	0	1	0	1040	1829	SUR	33	D	20-180	1494134	jan	21.94666667	38.25166667	3	13-Jan-2010 09:27:15	0.116858	0.001	0.058	0.003	1.179	27.295	38.951
TV9_167	16616	14	77	124	345	6	0	0	17182	18751	DCM	34	D	5-20	1023995	jan	18.39666667	39.875	60	20-Jan-2010 07:44:50	0.181406	0.269	0.089	0.635	1.353	27.579	38.889
TV9_164	2142	21	592	128	363	59	470	0	3775	5404	SUR	34	WGA/D	5-20	796759	jan	18.39666667	39.875	3	20-Jan-2010 06:17:54	0.197339	0.021	0.218	0.031	4.924	27.663	38.633
TV9_168	4110	43	402	1610	11337	49	0	5	17556	30191	DCM	34	D	0.8-5	1360019	jan	18.39666667	39.875	60	20-Jan-2010 07:44:50	0.181406	0.269	0.089	0.635	1.353	27.579	38.889
TV9_296	3602	45	7922	1313	4353	189	0	0	17424	31126	SUR	34	D	0.8-5	386583	jan	18.39666667	39.875	3	20-Jan-2010 06:17:54	0.197339	0.021	0.218	0.031	4.924	27.663	38.633
TV9_166	92	1	7	32	258	2	0	0	392	928	DCM	34	D	180-2000	676802	jan	18.39666667	39.875	60	20-Jan-2010 07:44:50	0.181406	0.269	0.089	0.635	1.353	27.579	38.889
TV9_163	605	10	1437	233	395	27	2	0	2709	5566	SUR	34	D	180-2000	1881957	jan	18.39666667	39.875	3	20-Jan-2010 06:17:54	0.197339	0.021	0.218	0.031	4.924	27.663	38.633
TV9_169	11288	1	7	15	128	6	0	0	11445	12437	DCM	34	D	20-180	1811011	jan	18.39666667	39.875	60	20-Jan-2010 07:44:50	0.181406	0.269	0.089	0.635	1.353	27.579	38.889
TV9_165	9634	6	71	197	494	12	0	0	10414	12007	SUR	34	D	20-180	1805156	jan	18.39666667	39.875	3	20-Jan-2010 06:17:54	0.197339	0.021	0.218	0.031	4.924	27.663	38.633
TV9_78	123	1	25	10	18	0	11	0	188	307	DCM	36	WGA/D	5-20	1726512	mar	20.81833333	63.50465	17	12-Mar-2010 10:34:22	0.353707	0.369	0.464	1.500	1.581	25.347	36.538
TV9_74	1425	25	96	101	75	12	58	0	1792	2805	SUR	36	WGA/D	5-20	1649661	mar	20.81833333	63.50465	3	12-Mar-2010 06:19:43	0.129697	0.045	0.375	0.123	1.244	26.186	36.526
TV9_79	12030	993	7226	16665	31065	4696	0	3	72678	159732	DCM	36	D	0.8-5	1621042	mar	20.81833333	63.50465	17	12-Mar-2010 10:34:22	0.353707	0.369	0.464	1.500	1.581	25.347	36.538
TV9_75	9071	569	5018	14536	10645	2308	0	0	42147	105503	SUR	36	D	0.8-5	1239789	mar	20.81833333	63.50465	3	12-Mar-2010 06:19:43	0.129697	0.045	0.375	0.123	1.244	26.186	36.526
TV9_77	18151	0	5	20	4	0	0	0	18180	18664	DCM	36	D	180-2000	2163021	mar	20.81833333	63.50465	17	12-Mar-2010 10:34:22	0.353707	0.369	0.464	1.500	1.581	25.347	36.538
TV9_73	4700	0	5	15	26	5	0	0	4751	5380	SUR	36	D	180-2000	1905376	mar	20.81833333	63.50465	3	12-Mar-2010 06:19:43	0.129697	0.045	0.375	0.123	1.244	26.186	36.526
TV9_80	16905	0	3	4	1	0	0	0	16913	17349	DCM	36	D	20-180	784139	mar	20.81833333	63.50465	17	12-Mar-2010 10:34:22	0.353707	0.369	0.464	1.500	1.581	25.347	36.538
TV9_76	91126	0	7	38	27	2	0	0	91200	93410	SUR	36	D	20-180	1935434	mar	20.81833333	63.50465	3	12-Mar-2010 06:19:43	0.129697	0.045	0.375	0.123	1.244	26.186	36.526
TV9_298	26395	68	497	895	1034	7	324	0	29220	34679	DCM	38	WGA/D	5-20	4395837	mar	19.03933333	64.49133333	25.3365	15-Mar-2010 09:32:52	0.604752	0.700	0.417	1.858	1.625	25.809	
TV9_301	5045	2	391	169	205	0	329	0	6141	10900	SUR	38	WGA/D	5-20	4059269	mar	19.03933333	64.49133333	5.45433	15-Mar-2010 03:44:19	0.161808	0.037	0.324	0.149	1.203	26.653	
TV9_242	10381	1067	3990	4755	20333	169	0	0	40695	83837	DCM	38	D	0.8-5	1012513	mar	19.03933333	64.49133333	25	15-Mar-2010 09:32:52	0.604752	0.700	0.417	1.858	1.625	25.809	
TV9_239	1407	3812	40703	9336	37387	782	7	0	93434	164035	SUR	38	D	0.8-5	1089128	mar	19.03933333	64.49133333	3	15-Mar-2010 03:44:19	0.161808	0.037	0.324	0.149	1.203	26.653	
TV9_241	383	2	18	2	7	0	2	0	414	614	DCM	38	D	180-2000	1061769	mar	19.03933333	64.49133333	25	15-Mar-2010 09:32:52	0.604752	0.700	0.417	1.858	1.625	25.809	
TV9_238	1698	13	14	3	9	0	13	0	1750	2696	SUR	38	WGA/D	180-2000	2581931	mar	19.03933333	64.49133333	3	15-Mar-2010 03:44:19	0.161808	0.037	0.324	0.149	1.203	26.653	
TV9_244	3053	0	4	0	7	0	0	1	3065	3152	DCM	38	D	20-180	1121273	mar	19.03933333	64.49133333	25	15-Mar-2010 09:32:52	0.604752	0.700	0.417	1.858	1.625	25.809	
TV9_240	676	1	8	6	3	0	0	0	694	995	SUR	38	D	20-180	1614969	mar	19.03933333	64.49133333	3	15-Mar-2010 03:44:19	0.161808	0.037	0.324	0.149	1.203	26.653	
TV9_302	11306	0	2678	2221	182	375	524	0	17286	23828	DCM	39	WGA/D	5-20	2373129	mar	18.5702	66.4861	25.3126	18-Mar-2010 09:52:57	0.17638	0.017	0.262	0.093	1.275	26.974	36.425
TV9_308	11	0	0	0	0	0	0	0	11	18	SUR	39	WGA/D	5-20	213107	mar	18.5702	66.4861	5.38858	18-Mar-2010 04:41:12	0.099089	0.005	0.233	0.035	1.447	27.399	36.287
TV9_304	20	0	1	1	5	0	0	0	27	57	DCM	39	D	180-2000	205013	mar	18.5702	66.4861	25.3126	18-Mar-2010 09:52:57	0.17638	0.017	0.262	0.093	1.275	26.974	36.425
TV9_310	1887	0	1	5	5	2	0	0	1900	1933	SUR	39	WGA/D	180-2000	230356	mar	18.5702	66.4861	5.38858	18-Mar-2010 04:41:12	0.099089	0.005	0.233	0.035	1.447	27.399	36.287
TV9_303	2710	0	3	5	1	4	0	0	2723	2899	DCM	39	D	20-180	235989	mar	18.5702	66.4861	25.3126	18-Mar-2010 09:52:57	0.17638	0.017	0.262	0.093	1.275	26.974	36.425
TV9_309	2743	0	1	1	1	0	0	0	2746	2834	SUR	39	D	20-180	215163	mar	18.5702	66.4861	5.38858	18-Mar-2010 04:41:12	0.099089	0.005	0.233	0.035	1.447	27.399	36.287
TV9_6	1740	16	148	206	104	0	47	0	2261	3154	DCM	41	WGA/D	5-20	1865395	mar	14.66323333	69.93146667	60	30-Mar-2010 11:41:14	0.372649	0.238	0.846	7.847	3.577	26.394	36.378
TV9_2	630	4	6	2	5	0	4	0	651	693	SUR	41	WGA/D	5-20	1518785	mar	14.66323333	69.93146667	3	30-Mar-2010 02:56:41	0.020173	-0.005	0.119	0.150	1.631	30.237	36.055
TV9_7	9470	202	6538	12216	21037	1031	231	41	50766	148139	DCM	41	D	0.8-5	1955808	mar	14.66323333	69.93146667	60	30-Mar-2010 11:41:14	0.372649	0.238	0.846	7.847	3.577	26.394	36.378
TV9_3	5650	477	13969	13203	350	660	428	1	34738	89311	SUR	41	D	0.8-5	1676823	mar	14.66323333	69.93146667	3	30-Mar-2010 02:56:41	0.020173	-0.005	0.119	0.150	1.631	30.237	36.055
TV9_5	250	0	1	1	14	0	0	0	266	338	DCM	41	D	180-2000	1531659	mar	14.66323333	69.93146667	60	30-Mar-2010 11:41:14	0.372649	0.238	0.846	7.847	3.577	26.394	36.378
TV9_1	399	0	1	0	0	0	0	0	400	428	SUR	41	D	180-2000	1303051	mar	14.66323333	69.93146667	3	30-Mar-2010 02:56:41	0.020173	-0.005	0.119	0.150	1.631	30.237	36.055
TV9_8	17195	0	11	23	29	0	0	0	17258	17859	DCM	41	D	20-180	1992065	mar	14.66323333	69.93146667	60	30-Mar-2010 11:41:14	0.372649	0.238	0.846	7.847	3.577	26.394	36.378
TV9_4	8778	93	552	1868	2074	236	4	0	13605	21041	SUR	41	D	20-180	2753149	mar	14.66323333	69.93146667	3	30-Mar-2010 02:56:41	0.020173	-0.005	0.119	0.150	1.631	30.237	36.055
TV9_211	45582	0	77	69	156	0	86	0	45970	46831	DCM	42	WGA/D	5-20	1616728	apr	6	73.9	80	04-Apr-2010 11:34:30	0.382515	0.152	0.342	1.385	3.199	27.944	35.035
TV9_207	26656	0	28	33	31	0	15	0	26763	27344	SUR	42	WGA/D	5-20	2606933	apr	6	73.9	3	04-Apr-2010 03:13:07	0.006724	0.000	0.084	0.026	2.205	30.338	34.574
TV9_212	8172	57	8235	16494	113690	1365	5	18	148036	305696	DCM	42	D	0.8-5	2553846	apr	6	73.9	80	04-Apr-2010 11:34:30	0.382515	0.152	0.342	1.385	3.199	27.944	35.035
TV9_208	7501	254	28152	31846	1320	2204	1267	9	72553	161722	SUR	42	D	0.8-5	2455091	apr	6	73.9	3	04-Apr-2010 03:13:07	0.006724	0.000	0.084	0.026	2.205	30.338	34.574
TV9_210	696	2	212	57	918	5	39	0	1929	2631	DCM	42	D	180-2000	2444213	apr	6	73.9	80	04-Apr-2010 11:34:30	0.382515	0.152	0.342	1.385	3.199	27.944	35.035
TV9_206	57	0	1	0	2	0	0	0	60	79	SUR	42	D	180-2000	1742295	apr	6	73.9	3	04-Apr-2010 03:13:07	0.006724	0.000	0.084	0.026	2.205	30.338	34.574
TV9_213	3634	86	2829	1702	5268	96	1	0	13616	30776	DCM	42	D	20-180	1476458	apr	6	73.9	80	04-Apr-2010 11:34:30	0.382515	0.152	0.342	1.385	3.199	27.944	35.035
TV9_209	3347	0	38	22	24	0	3	0	3434	4223	SUR	42	D	20-180	1837184	apr	6	73.9	3	04-Apr-2010 03:13:07	0.006724	0.000	0.084	0.026	2.205	30.338	34.574
TV9_82	1641	1	246	236	18	4	5	0	2151	4063	SUR	45	D	5-20	3508596	apr	1.878733333	71.50445	3	13-Apr-2010 03:21:32	0.026898						
TV9_256	6965	43	20155	17668	306	726	540	3	46406	125585	SUR	45	D	0.8-5	2418338	apr	1.878733333	71.50445	3	13-Apr-2010 03:21:32	0.026898						
TV9_81	57	1	8	16	4	0	2	0	88	161	SUR	45	D	180-2000	2435330	apr	1.878733333	71.50445	3	13-Apr-2010 03:21:32	0.026898						
TV9_83	435	0	13	8	3	0	0	0	459	602	SUR	45	D	20-180	1552906	apr	1.878733333	71.50445	3	13-Apr-2010 03:21:32	0.026898						
TV9_198	97	1	4	0	1	0	4	0	107	148	SUR	48	WGA/D	180-2000	1399304	apr	-9.413333333	66.31166667	3	19-Apr-2010 09:40:34	0	0.014	0.080	0.042	2.059	29.747	34.205
TV9_59	318374	0	173	178	64	3	68	0	318860	319695	DCM	52	WGA/D	5-20	2906359	may	-16.95703333	53.9801	75	17-May-2010 12:37:15	0.393331	0.035	0.160	0.456	2.892	25.266	34.910
TV9_55	18765	0	6	16	18	0	4	0	18809	95641	SUR	52	WGA/D	5-20	1805936	may	-16.95703333	53.9801	3	17-May-2010 06:48:39	0.12887	0.000	0.119	0.000	2.666	27.984	34.510
TV9_60	13511	710	6482	11115	56345	593	5	5	88766	159461	DCM	52	D	0.8-5	1861831	may	-16.95703333	53.9801	75	17-May-2010 12:37:15	0.393331	0.035	0.160	0.456	2.892	25.266	34.910
TV9_56	9404	437	11833	9325	34886	1087	34	0	67006	169780	SUR	52	D	0.8-5	1235239	may	-16.95703333	53.9801	3	17-May-2010 06:48:39	0.12887	0.000	0.119	0.000	2.666	27.984	34.510
TV9_58	1242	46	1258	996	3672	113	1	0	7328	18458	DCM	52	D	180-2000	2146194	may	-16.95703333	53.9801	75	17-May-2010 12:37:15	0.393331	0.035	0.160	0.456	2.892	25.266	34.910
TV9_54	75	0	0	0	16	0	0	0	91	147	SUR	52	D	180-2000	1454597	may	-16.95703333	53.9801	3	17-May-2010 06:48:39	0.12887	0.000	0.119	0.000	2.666	27.984	34.510
TV9_61	6330	1	8	5	112	3	2	0	6461	7336	DCM	52	D	20-180	1832634	may	-16.95703333	53.9801	70	17-May-2010 12:37:15	0.393331	0.035	0.160	0.456	2.892	25.266	34.910
TV9_57	8815	0	2	5	62	1	0	0	8885	10404	SUR	52	D	20-180	1776180	may	-16.95703333	53.9801	3	17-May-2010 06:48:39	0.12887	0.000	0.119	0.000	2.666	27.984	34.510
TV9_318	29462	0	1	18	1	0	0	0	29482	29510	DCM	64	WGA/D	5-20	322398	may	-32.56666667	37.99401667	63.6355	08-Jul-2010 05:19:57	0.214573	0.007	0.083	0.021	1.739	22.220	35.331
TV9_48	152751	25	174	335	204	0	4	10	153503	157003	SUR	64	D	5-20	1646888	jul	-32.56666667	37.99401667	3	07-Jul-2010 04:56:10	0.162993	0.005	0.084	0.000	1.768	22.224	35.321
TV9_52	10256	558	2434	13284	47355	262	9	0	74158	133926	DCM	64	D	0.8-5	906192	jul	-32.56666667	37.99401667	65	08-Jul-2010 05:19:57	0.214573	0.007	0.083	0.021	1.739	22.220	35.331
TV9_49	9215	769	4869	7102	23859	432	4	0	46250	99168	SUR	64	D	0.8-5	803609	jul	-32.56666667	37.99401667	3	07-Jul-2010 04:56:10	0.162993	0.005	0.084	0.000	1.768	22.224	35.321
TV9_51	670	0	2	2	18	0	0	0	692	758	DCM	64	D	180-2000	2298600	jul	-32.56666667	37.99401667	65	08-Jul-2010 05:19:57	0.214573	0.007	0.083	0.021	1.739	22.220	35.331
TV9_47	817	0	4	2	18	0	0	0	841	930	SUR	64	D	180-2000	1995442	jul	-32.56666667	37.99401667	3	07-Jul-2010 04:56:10	0.162993	0.005	0.084	0.000	1.768	22.224	35.321
TV9_53	47868	6	247	157	66	0	2	0	48346	48677	DCM	64	D	20-180	1683630	jul	-32.56666667	37.99401667	60	08-Jul-2010 05:19:57	0.214573	0.007	0.083	0.021	1.739	22.220	35.331
TV9_50	32677	0	10	118	44	0	3	0	32852	33041	SUR	64	D	20-180	1255340	jul	-32.56666667	37.99401667	3	07-Jul-2010 04:56:10	0.162993	0.005	0.084	0.000	1.768	22.224	35.321
TV9_160	33906	436	2879	5538	2610	13	1144	0	46526	63076	DCM	65	WGA/D	5-20	1682466	jul	-35.18886667	26.28905	28.6815	12-Jul-2010 11:25:55	0.272648						
TV9_157	52244	5	19	46	60	0	3	0	52377	52687	SUR	65	WGA/D	5-20	2183309	jul	-35.18886667	26.28905	3	12-Jul-2010 06:46:23	0.215292						
TV9_161	34726	556	4822	17874	42620	130	3	3	100734	204852	DCM	65	D	0.8-5	1772811	jul	-35.18886667	26.28905	28.6815	12-Jul-2010 11:25:55	0.272648						
TV9_158	9002	182	1369	2760	7962	11	3	0	21289	49202	SUR	65	D	0.8-5	949804	jul	-35.18886667	26.28905	3	12-Jul-2010 06:46:23	0.215292						
TV9_156	474	0	9	12	38	0	0	0	533	627	SUR	65	D	180-2000	2099306	jul	-35.18886667	26.28905	3	12-Jul-2010 06:46:23	0.215292						
TV9_159	70499	26	102	840	994	6	0	0	72467	74348	SUR	65	D	20-180	2334017	jul	-35.18886667	26.28905	3	12-Jul-2010 06:46:23	0.215292						
TV9_154	135871	46	400	317	322	7	40	0	137003	138564	DCM	66	WGA/D	5-20	1607771	jul	-34.94215	17.92388333	28.633	15-Jul-2010 16:32:17	0.424363	0.266	0.368	3.256	2.506	14.954	35.330
TV9_151	58219	0	19	31	8	0	3	0	58280	59470	SUR	66	WGA/D	5-20	2668051	jul	-34.94215	17.92388333	3	15-Jul-2010 12:26:26	0.250054	0.301	0.340	3.332	2.747	15.058	35.334
TV9_155	8202	229	941	5794	5178	61	0	7	20412	76215	DCM	66	D	0.8-5	593167	jul	-34.94215	17.92388333	28.633	15-Jul-2010 16:32:17	0.424363	0.266	0.368	3.256	2.506	14.954	35.330
TV9_152	42591	854	4469	33721	21845	333	0	35	103848	285118	SUR	66	D	0.8-5	1717921	jul	-34.94215	17.92388333	3	15-Jul-2010 12:26:26	0.250054	0.301	0.340	3.332	2.747	15.058	35.334
TV9_150	10781	1	8	31	23	0	1	0	10845	10980	SUR	66	D	180-2000	1477972	jul	-34.94215	17.92388333	3	15-Jul-2010 12:26:26	0.250054	0.301	0.340	3.332	2.747	15.058	35.334
TV9_153	70257	3	13	643	107	3	0	0	71026	73862	SUR	66	D	20-180	1944476	jul	-34.94215	17.92388333	3	15-Jul-2010 12:26:26	0.250054	0.301	0.340	3.332	2.747	15.058	35.334
TV9_43	256607	10	26	194	104	0	6	40	256987	258801	SUR	67	D	5-20	727097	sep	-32.21503333	17.28663333	3	07-Sep-2010 06:35:16	1.55149	0.177	1.065	7.658	14.186	12.869	34.849
TV9_45	80481	516	1509	10516	4628	55	3	605	98313	161557	SUR	67	D	0.8-5	884661	sep	-32.21503333	17.28663333	3	07-Sep-2010 06:35:16	1.55149	0.177	1.065	7.658	14.186	12.869	34.849
TV9_42	1031	1	20	56	29	0	9	4	1150	1570	SUR	67	D	180-2000	1596057	sep	-32.21503333	17.28663333	3	07-Sep-2010 06:35:16	1.55149	0.177	1.065	7.658	14.186	12.869	34.849
TV9_46	23984	1	13	25	143	0	7	29	24202	24714	SUR	67	D	20-180	1404371	sep	-32.21503333	17.28663333	3	07-Sep-2010 06:35:16	1.55149	0.177	1.065	7.658	14.186	12.869	34.849
TV9_146	16016	7	100	315	274	6	87	0	16805	18074	DCM	68	WGA/D	5-20	1908015	sep	-31.01703333	7.498366667	50	14-Sep-2010 09:14:01	0.42458	0.315	0.200	1.121	2.228	16.750	35.680
TV9_258	237	0	3	2	1	0	20	0	263	296	SUR	68	WGA/D	5-20	582125	sep	-31.01703333	7.498366667	3	14-Sep-2010 09:14:01	0.201517						
TV9_143	18341	4305	928	65251	127692	623	5	9	217154	332416	SUR	68	D	0.8-5	1606845	sep	-31.01703333	7.498366667	3	14-Sep-2010 09:14:01	0.201517						
TV9_145	76	2	1	11	46	0	0	0	136	181	DCM	68	D	180-2000	1719363	sep	-31.01703333	7.498366667	50	14-Sep-2010 09:14:01	0.42458	0.315	0.200	1.121	2.228	16.750	35.680
TV9_321	1508	26	123	136	84	2	63	0	1942	2932	SUR	68	D	180-2000	4770744	sep	-31.01703333	7.498366667	5.42742	14-Sep-2010 09:14:01	0.201517						
TV9_144	6195	2	2	49	80	0	0	0	6328	6520	SUR	68	D	20-180	1937180	sep	-31.01703333	7.498366667	3	14-Sep-2010 09:14:01	0.201517						
TV9_215	50252	5	581	289	2782	28	0	0	53937	58282	SUR	70	D	5-20	1492652	sep	-20.40913333	-3.175916667	3	21-Sep-2010 07:05:56	0.324315	0.060	0.408	1.134	1.533	19.882	36.370
TV9_217	7709	368	9039	13624	93544	1869	0	8	126161	218634	SUR	70	D	0.8-5	1263273	sep	-20.40913333	-3.175916667	3	21-Sep-2010 07:05:56	0.324315	0.060	0.408	1.134	1.533	19.882	36.370
TV9_214	111	0	1	10	66	0	0	0	188	457	SUR	70	D	180-2000	1840076	sep	-20.40913333	-3.175916667	3	21-Sep-2010 07:05:56	0.324315	0.060	0.408	1.134	1.533	19.882	36.370
TV9_218	5876	0	27	6	177	0	0	0	6086	6535	SUR	70	D	20-180	2169467	sep	-20.40913333	-3.175916667	3	21-Sep-2010 07:05:56	0.324315	0.060	0.408	1.134	1.533	19.882	36.370
TV9_104	6951	3	18	26	73	0	14	0	7085	11859	DCM	72	D	5-20	2277122	oct	-8.81175	-17.91261667	100	05-Oct-2010 12:42:17	0.263939	0.011	0.143	0.044	1.319	24.710	36.610
TV9_100	6663	2	45	269	27	0	21	0	7027	8213	SUR	72	WGA/D	5-20	1708026	oct	-8.81175	-17.91261667	3	05-Oct-2010 08:10:13	0.050608	0.003	0.104	0.017	0.867	25.145	36.420
TV9_106	3815	494	2229	6249	28556	155	2	7	41507	89628	DCM	72	D	0.8-5	1456076	oct	-8.81175	-17.91261667	100	05-Oct-2010 12:42:17	0.263939	0.011	0.143	0.044	1.319	24.710	36.610
TV9_260	3778	1235	28933	66989	6800	1223	12	7	108977	183962	SUR	72	D	0.8-5	1926293	oct	-8.81175	-17.91261667	3	05-Oct-2010 08:10:13	0.050608	0.003	0.104	0.017	0.867	25.145	36.420
TV9_103	47	1	1	7	10	0	0	0	66	147	DCM	72	D	180-2000	1520493	oct	-8.81175	-17.91261667	100	05-Oct-2010 12:42:17	0.263939	0.011	0.143	0.044	1.319	24.710	36.610
TV9_99	46	1	1	4	2	1	2	0	57	84	SUR	72	D	180-2000	1985426	oct	-8.81175	-17.91261667	3	05-Oct-2010 08:10:13	0.050608	0.003	0.104	0.017	0.867	25.145	36.420
TV9_107	899	3	1	14	34	0	1	0	952	1455	DCM	72	D	20-180	1906104	oct	-8.81175	-17.91261667	100	05-Oct-2010 12:42:17	0.263939	0.011	0.143	0.044	1.319	24.710	36.610
TV9_102	1781	15	368	770	101	15	2	0	3052	4418	SUR	72	D	20-180	2020943	oct	-8.81175	-17.91261667	3	05-Oct-2010 08:10:13	0.050608	0.003	0.104	0.017	0.867	25.145	36.420
TV9_190	617	0	2	5	8	0	0	0	632	924	DCM	76	D	5-20	1102998	oct	-20.93685	-35.185	150	16-Oct-2010 17:43:23	0.150865	0.015	0.038	-0.422	0.712	21.970	36.790
TV9_185	1289	29	946	608	60	26	0	0	2958	4798	SUR	76	D	5-20	1501835	oct	-20.93685	-35.185	3	16-Oct-2010 10:07:57	0.033622	0.002	0.056	-0.422	0.815	23.306	37.071
TV9_192	15693	165	9615	1986	39372	258	1037	0	68126	91713	DCM	76	D	0.8-5	1176009	oct	-20.93685	-35.185	150	16-Oct-2010 17:43:23	0.150865	0.015	0.038	-0.422	0.712	21.970	36.790
TV9_187	3396	775	25293	49493	3329	1255	0	9	83550	187661	SUR	76	D	0.8-5	1694408	oct	-20.93685	-35.185	3	16-Oct-2010 10:07:57	0.033622	0.002	0.056	-0.422	0.815	23.306	37.071
TV9_189	5	0	3	0	6	0	0	0	14	31	DCM	76	D	180-2000	2631682	oct	-20.93685	-35.185	150	16-Oct-2010 17:43:23	0.150865	0.015	0.038	-0.422	0.712	21.970	36.790
TV9_184	14	0	0	0	2	0	0	0	16	28	SUR	76	D	180-2000	1557309	oct	-20.93685	-35.185	3	16-Oct-2010 10:07:57	0.033622	0.002	0.056	-0.422	0.815	23.306	37.071
TV9_193	1414	0	2	5	16	0	0	0	1437	1641	DCM	76	D	20-180	1576959	oct	-20.93685	-35.185	150	16-Oct-2010 17:43:23	0.150865	0.015	0.038	-0.422	0.712	21.970	36.790
TV9_188	1677	0	1	6	15	0	0	2	1701	1950	SUR	76	D	20-180	1862591	oct	-20.93685	-35.185	3	16-Oct-2010 10:07:57	0.033622	0.002	0.056	-0.422	0.815	23.306	37.071
TV9_89	4417	121	981	3479	417	11	24	22	9472	22806	SUR	78	D	5-20	2070294	nov	-30.1367	-43.28991667	3	04-Nov-2010 10:24:01	0.053173	-0.023	-0.058	0.021	0.600	20.168	36.310
TV9_95	3977	406	2276	5210	54223	70	53	1	66216	138286	DCM	78	D	0.8-5	1572947	nov	-30.1367	-43.28991667	120	04-Nov-2010 19:34:19	0.226052	0.053	-0.093	0.104	0.319	19.320	36.280
TV9_91	2985	4379	42004	141553	6099	562	67	15	197664	347155	SUR	78	D	0.8-5	2345492	nov	-30.1367	-43.28991667	3	04-Nov-2010 10:24:01	0.053173	-0.023	-0.058	0.021	0.600	20.168	36.310
TV9_93	6378	0	1	3	23	0	5	0	6410	7297	DCM	78	D	180-2000	1827256	nov	-30.1367	-43.28991667	120	04-Nov-2010 19:34:19	0.226052	0.053	-0.093	0.104	0.319	19.320	36.280
TV9_88	35	0	4	6	10	0	0	0	55	142	SUR	78	D	180-2000	1913925	nov	-30.1367	-43.28991667	3	04-Nov-2010 10:24:01	0.053173	-0.023	-0.058	0.021	0.600	20.168	36.310
TV9_96	953	0	1	6	39	0	4	0	1003	1439	DCM	78	D	20-180	1117514	nov	-30.1367	-43.28991667	120	04-Nov-2010 19:34:19	0.226052	0.053	-0.093	0.104	0.319	19.320	36.280
TV9_92	3812	1	25	29	261	0	5	0	4133	7338	SUR	78	D	20-180	2065127	nov	-30.1367	-43.28991667	3	04-Nov-2010 10:24:01	0.053173	-0.023	-0.058	0.021	0.600	20.168	36.310
TV9_261	6238	14	77	111	133	3	95	0	6671	7358	DCM	82	WGA/D	5-20	1604162	dec	-47.18471667	-58.29503333	30	06-Dec-2010 22:04:09	0.991294	0.110	1.326	18.253	2.453	6.988	34.048
TV9_171	330921	80	103	233	341	0	2	0	331680	338038	SUR	82	D	5-20	1904299	dec	-47.18471667	-58.29503333	3	06-Dec-2010 10:25:56	0.310844	0.153	1.301	18.208	1.776	7.806	34.050
TV9_177	40422	131	677	790	764	2	460	0	43246	47981	DCM	82	WGA/D	0.8-5	1936264	dec	-47.18471667	-58.29503333	40	06-Dec-2010 22:04:09	0.991294	0.110	1.326	18.253	2.453	6.988	34.048
TV9_173	38016	11103	2158	71120	56453	2	7	0	178859	392561	SUR	82	D	0.8-5	1407102	dec	-47.18471667	-58.29503333	3	06-Dec-2010 10:25:56	0.310844	0.153	1.301	18.208	1.776	7.806	34.050
TV9_175	36636	23	17	51	827	0	0	0	37554	61310	DCM	82	D	180-2000	1867961	dec	-47.18471667	-58.29503333	30	06-Dec-2010 22:04:09	0.991294	0.110	1.326	18.253	2.453	6.988	34.048
TV9_170	12362	37	10	244	205	0	4	0	12862	20110	SUR	82	D	180-2000	1895718	dec	-47.18471667	-58.29503333	3	06-Dec-2010 10:25:56	0.310844	0.153	1.301	18.208	1.776	7.806	34.050
TV9_178	154310	7	539	436	222	0	224	0	155738	158552	DCM	82	WGA/D	20-180	1954728	dec	-47.18471667	-58.29503333	30	06-Dec-2010 22:04:09	0.991294	0.110	1.326	18.253	2.453	6.988	34.048
TV9_174	127009	1	6	209	1094	0	7	0	128326	139206	SUR	82	D	20-180	1198986	dec	-47.18471667	-58.29503333	3	06-Dec-2010 10:25:56	0.310844	0.153	1.301	18.208	1.776	7.806	34.050
TV9_180	1020426	0	16	11	2	0	3	0	1020458	1020699	SUR	84	WGA/D	5-20	1584141	jan	-60.23236667	-60.6451	3	03-Jan-2011 11:10:57	0.109555	0.266	1.723	25.310	16.554	2.014	33.670
TV9_182	230270	993	5650	17007	14653	66	3	0	268642	353906	SUR	84	D	0.8-5	1607870	jan	-60.23236667	-60.6451	3	03-Jan-2011 11:10:57	0.109555	0.266	1.723	25.310	16.554	2.014	33.670
TV9_179	10367	0	7	3	5	1	0	0	10383	13375	SUR	84	D	180-2000	1544276	jan	-60.23236667	-60.6451	3	03-Jan-2011 11:10:57	0.109555	0.266	1.723	25.310	16.554	2.014	33.670
TV9_183	358286	0	12	643	39	2	2	0	358984	364951	SUR	84	D	20-180	1424030	jan	-60.23236667	-60.6451	3	03-Jan-2011 11:10:57	0.109555	0.266	1.723	25.310	16.554	2.014	33.670
TV9_227	234309	50	80	248	113	0	35	0	234835	235664	DCM	85	WGA/D	5-20	2069868	jan	-62.03488333	-42.5383	90	06-Jan-2011 20:36:32	0.540091	0.060	2.309	31.000	81.820	-0.880	34.410
TV9_222	615003	0	41	13	10	0	9	0	615076	615201	SUR	85	WGA/D	5-20	1683438	jan	-62.03488333	-42.5383	3	06-Jan-2011 10:26:58	0.065273	0.107	2.110	28.535	79.778	0.750	34.350
TV9_229	87872	484	829	5531	11125	20	11	0	105872	399384	DCM	85	D	0.8-5	1449518	jan	-62.03488333	-42.5383	90	06-Jan-2011 20:36:32	0.540091	0.060	2.309	31.000	81.820	-0.880	34.410
TV9_224	250755	91	5242	46497	37636	30	5	0	340256	611034	SUR	85	D	0.8-5	2260712	jan	-62.03488333	-42.5383	3	06-Jan-2011 10:26:58	0.065273	0.107	2.110	28.535	79.778	0.750	34.350
TV9_226	25877	2	12	10	8	0	15	0	25924	28299	DCM	85	D	180-2000	2500241	jan	-62.03488333	-42.5383	90	06-Jan-2011 20:36:32	0.540091	0.060	2.309	31.000	81.820	-0.880	34.410
TV9_221	271195	0	2	3	4	0	1	0	271205	281219	SUR	85	D	180-2000	811087	jan	-62.03488333	-42.5383	3	06-Jan-2011 10:26:58	0.065273	0.107	2.110	28.535	79.778	0.750	34.350
TV9_230	364546	109	160	185	137	0	96	0	365233	371787	DCM	85	WGA/D	20-180	1885783	jan	-62.03488333	-42.5383	90	06-Jan-2011 20:36:32	0.540091	0.060	2.309	31.000	81.820	-0.880	34.410
TV9_225	1178911	17	11	55	22	0	9	0	1179025	1197947	SUR	85	WGA/D	20-180	2150594	jan	-62.03488333	-42.5383	3	06-Jan-2011 10:26:58	0.065273	0.107	2.110	28.535	79.778	0.750	34.350
TV9_322	343	0	31	18	19	0	26	0	437	638	DCM	98	WGA/D	5-20	4125935	apr	-26.14863333	-111.189	184.479	04-Apr-2011 08:23:54	0.175226	0.028	0.117	0.073	0.353	20.381	35.880
TV9_24	3737	2	12	39	25	0	0	0	3815	4409	SUR	98	D	5-20	1298874	apr	-26.14863333	-111.189	3	03-Apr-2011 18:10:41	0.013449	0.000	0.209	0.037	0.410	25.197	36.364
TV9_27	2656	50	154	177	298	6	204	0	3545	6223	DCM	98	WGA/D	0.8-5	2253039	apr	-26.14863333	-111.189	180	04-Apr-2011 08:23:54	0.175226	0.028	0.117	0.073	0.353	20.381	35.880
TV9_262	2028	510	9277	22433	609	525	37	28	35447	68936	SUR	98	D	0.8-5	1455273	apr	-26.14863333	-111.189	3	03-Apr-2011 18:10:41	0.013449	0.000	0.209	0.037	0.410	25.197	36.364
TV9_26	1176	3	2068	1980	77	57	57	1	5419	14299	DCM	98	D	180-2000	2571107	apr	-26.14863333	-111.189	180	04-Apr-2011 08:23:54	0.175226	0.028	0.117	0.073	0.353	20.381	35.880
TV9_23	193	3	23	63	201	14	1	0	498	1159	SUR	98	D	180-2000	1301588	apr	-26.14863333	-111.189	3	03-Apr-2011 18:10:41	0.013449	0.000	0.209	0.037	0.410	25.197	36.364
TV9_28	1109	1	10	14	33	1	2	0	1170	1948	DCM	98	D	20-180	2333435	apr	-26.14863333	-111.189	180	04-Apr-2011 08:23:54	0.175226	0.028	0.117	0.073	0.353	20.381	35.880
TV9_25	643	0	14	43	19	1	2	0	722	1267	SUR	98	D	20-180	1803739	apr	-26.14863333	-111.189	3	03-Apr-2011 18:10:41	0.013449	0.000	0.209	0.037	0.410	25.197	36.364
TV9_68	197466	4	302	227	218	3	105	0	198325	200157	DCM	100	WGA/D	5-20	1778154	apr	-13.42513333	-96.56675	50	15-Apr-2011 13:10:13	0.366887	0.164	0.779	5.655	1.882	17.5193	35.312
TV9_63	270106	26	88	192	348	2	1	0	270763	276784	SUR	100	D	5-20	1660153	apr	-13.42513333	-96.56675	3	15-Apr-2011 13:10:13	0.287892	0.137	0.677	6.151	1.161	12.474	34.844
TV9_323	12396	1113	3931	6907	19890	234	8	0	44479	123479	DCM	100	D	0.8-5	3919146	apr	-13.42513333	-96.56675	57.6225	15-Apr-2011 13:10:13	0.366887	0.164	0.779	5.655	1.882	17.5193	35.312
TV9_65	7186	247	1205	4146	5178	60	7	7	18036	57206	SUR	100	D	0.8-5	1400643	apr	-13.42513333	-96.56675	3	15-Apr-2011 13:10:13	0.287892	0.137	0.677	6.151	1.161	12.474	34.844
TV9_67	128	0	5	22	102	0	0	0	257	449	DCM	100	D	180-2000	1822577	apr	-13.42513333	-96.56675	50	15-Apr-2011 13:10:13	0.366887	0.164	0.779	5.655	1.882	17.5193	35.312
TV9_62	1156	1	4	11	23	0	1	0	1196	1287	SUR	100	D	180-2000	1791118	apr	-13.42513333	-96.56675	3	15-Apr-2011 13:10:13	0.287892	0.137	0.677	6.151	1.161	12.474	34.844
TV9_70	65904	0	5	5	244	0	1	0	66159	67302	DCM	100	D	20-180	1391289	apr	-13.42513333	-96.56675	50	15-Apr-2011 13:10:13	0.366887	0.164	0.779	5.655	1.882	17.5193	35.312
TV9_66	31522	0	2	5	150	0	2	0	31681	32680	SUR	100	D	20-180	808801	apr	-13.42513333	-96.56675	3	15-Apr-2011 13:10:13	0.287892	0.137	0.677	6.151	1.161	12.474	34.844
TV9_122	341626	4	33	47	711	1	7	0	342429	388047	DCM	102	D	5-20	2255618	apr	-5.252366667	-85.16091667	40	22-Apr-2011 19:51:38	0.728939	1.202	1.862	24.365	10.505	19.362	34.858
TV9_118	100737	114	38	30	116	0	2	0	101037	103677	SUR	102	D	5-20	1483197	apr	-5.252366667	-85.16091667	3	21-Apr-2011 20:16:14	0.238224	0.307	0.986	12.373	4.948	25.200	34.707
TV9_124	21189	1718	6192	12578	25042	446	14	3	67182	236792	DCM	102	D	0.8-5	1608011	apr	-5.252366667	-85.16091667	40	22-Apr-2011 19:51:38	0.728939	1.202	1.862	24.365	10.505	19.362	34.858
TV9_120	6696	5008	10744	10249	32143	563	17	0	65420	134219	SUR	102	D	0.8-5	1463015	apr	-5.252366667	-85.16091667	3	21-Apr-2011 20:16:14	0.238224	0.307	0.986	12.373	4.948	25.200	34.707
TV9_324	833	3	15	30	40	0	13	0	934	1355	DCM	102	WGA/D	180-2000	4782529	apr	-5.252366667	-85.16091667	45.659	22-Apr-2011 19:51:38	0.728939	1.202	1.862	24.365	10.505	19.362	34.858
TV9_117	2353	17	98	100	255	5	1	0	2829	5013	SUR	102	D	180-2000	1893230	apr	-5.252366667	-85.16091667	3	21-Apr-2011 20:16:14	0.238224	0.307	0.986	12.373	4.948	25.200	34.707
TV9_125	107560	1	13	18	305	1	5	0	107903	110244	DCM	102	D	20-180	1750577	apr	-5.252366667	-85.16091667	40	22-Apr-2011 19:51:38	0.728939	1.202	1.862	24.365	10.505	19.362	34.858
TV9_121	60072	225	474	426	2031	39	4	0	63271	68592	SUR	102	D	20-180	1745263	apr	-5.252366667	-85.16091667	3	21-Apr-2011 20:16:14	0.238224	0.307	0.986	12.373	4.948	25.200	34.707
TV9_37	3237	2	12	72	2	0	1	0	3326	3430	DCM	109	WGA/D	5-20	2099459	may	1.491883333	-84.58245	40	13-May-2011 00:00:49	0.737378	0.167	0.625	6.269	4.085	25.268	34.581
TV9_32	16958	1672	8071	20387	34306	537	18	15	81964	270031	SUR	109	D	5-20	2310946	may	1.491883333	-84.58245	3	12-May-2011 16:15:23	0.241809	0.044	0.260	0.894	1.774	27.927	33.169
TV9_264	1840	332	4951	27	71	15	11	0	7247	8750	DCM	109	D	0.8-5	2110359	may	1.491883333	-84.58245	47	13-May-2011 00:00:49	0.737378	0.167	0.625	6.269	4.085	25.268	34.581
TV9_34	20991	1117	5556	10625	26819	310	15	1	65434	142405	SUR	109	D	0.8-5	1887660	may	1.491883333	-84.58245	3	12-May-2011 16:15:23	0.241809	0.044	0.260	0.894	1.774	27.927	33.169
TV9_36	28801	2	5	8	209	0	8	0	29033	32485	DCM	109	D	180-2000	2625966	may	1.491883333	-84.58245	40	13-May-2011 00:00:49	0.737378	0.167	0.625	6.269	4.085	25.268	34.581
TV9_31	770	92	19	1182	2648	10	1	0	4722	7484	SUR	109	D	180-2000	1610990	may	1.491883333	-84.58245	3	12-May-2011 16:15:23	0.241809	0.044	0.260	0.894	1.774	27.927	33.169
TV9_39	63949	2	26	46	341	0	50	0	64414	72292	DCM	109	D	20-180	2231093	may	1.491883333	-84.58245	40	13-May-2011 00:00:49	0.737378	0.167	0.625	6.269	4.085	25.268	34.581
TV9_35	15628	5	17	26	197	0	0	0	15873	17700	SUR	109	D	20-180	1657078	may	1.491883333	-84.58245	3	12-May-2011 16:15:23	0.241809	0.044	0.260	0.894	1.774	27.927	33.169
TV9_327	18800	475	2334	5013	4664	46	0	0	31332	52430	DCM	111	D	5-20	1546461	may	-16.9619	-100.696	88.9896	31-May-2011 21:23:09	0.378549	0.191	0.438	0.960	0.929	20.205	35.718
TV9_334	35551	11	85	355	250	3	2	0	36257	39761	SUR	111	D	5-20	1577068	may	-16.9619	-100.696	5.64618	31-May-2011 16:06:16	0.132401	0.040	0.500	2.677	1.048	22.785	35.992
TV9_325	4402	85	933	7169	18291	116	3	0	30999	69623	DCM	111	D	0.8-5	1357895	may	-16.9619	-100.696	88.9896	31-May-2011 21:23:09	0.378549	0.191	0.438	0.960	0.929	20.205	35.718
TV9_332	7144	890	2614	10789	8878	145	3	0	30463	102555	SUR	111	D	0.8-5	1666223	may	-16.9619	-100.696	5.64618	31-May-2011 16:06:16	0.132401	0.040	0.500	2.677	1.048	22.785	35.992
TV9_329	243	1	58	21	20	0	6	0	349	538	DCM	111	D	180-2000	1870857	may	-16.9619	-100.696	88.9896	31-May-2011 21:23:09	0.378549	0.191	0.438	0.960	0.929	20.205	35.718
TV9_335	656	3	13	188	448	3	0	0	1311	2315	SUR	111	D	180-2000	1679135	may	-16.9619	-100.696	5.64618	31-May-2011 16:06:16	0.132401	0.040	0.500	2.677	1.048	22.785	35.992
TV9_328	12716	0	2	9	176	0	0	0	12903	14497	DCM	111	D	20-180	1764373	may	-16.9619	-100.696	88.9896	31-May-2011 21:23:09	0.378549	0.191	0.438	0.960	0.929	20.205	35.718
TV9_336	24111	0	2	7	152	0	2	0	24274	25868	SUR	111	D	20-180	1663101	may	-16.9619	-100.696	5.64618	31-May-2011 16:06:16	0.132401	0.040	0.500	2.677	1.048	22.785	35.992
TV9_339	287272	0	3	230	104	0	0	0	287609	295310	DCM	122	D	5-20	2036916	jul	-8.97886	-139.198	113.252	28-Jul-2011 19:36:06	0.295808	0.105	0.590	3.121	1.849	25.469	35.808
TV9_346	195337	1	14	155	156	0	0	0	195663	205633	SUR	122	D	5-20	1892497	jul	-8.97886	-139.198	5.8596	26-Jul-2011 17:34:20	0.166512	0.119	0.569	5.458	2.188	26.580	35.365
TV9_337	34551	20	885	5009	9942	10	7	10	50434	85626	DCM	122	D	0.8-5	1810907	jul	-8.97886	-139.198	113.252	28-Jul-2011 19:36:06	0.295808	0.105	0.590	3.121	1.849	25.469	35.808
TV9_344	25473	647	2509	16975	15683	89	70	0	61446	175865	SUR	122	D	0.8-5	1729614	jul	-8.97886	-139.198	5.8596	26-Jul-2011 17:34:20	0.166512	0.119	0.569	5.458	2.188	26.580	35.365
TV9_341	963	0	0	3	29	0	0	0	995	1338	DCM	122	D	180-2000	1884498	jul	-8.97886	-139.198	113.252	28-Jul-2011 19:36:06	0.295808	0.105	0.590	3.121	1.849	25.469	35.808
TV9_348	1639	0	0	0	43	6	0	0	1688	2436	SUR	122	D	180-2000	2376093	jul	-8.97886	-139.198	5.8596	26-Jul-2011 17:34:20	0.166512	0.119	0.569	5.458	2.188	26.580	35.365
TV9_340	107658	0	2	35	82	0	0	0	107777	109468	DCM	122	D	20-180	2336606	jul	-8.97886	-139.198	113.252	28-Jul-2011 19:36:06	0.295808	0.105	0.590	3.121	1.849	25.469	35.808
TV9_347	122876	0	2	16	319	0	0	0	123213	126453	SUR	122	D	20-180	2031832	jul	-8.97886	-139.198	5.8596	26-Jul-2011 17:34:20	0.166512	0.119	0.569	5.458	2.188	26.580	35.365
TV9_351	168540	0	25	149	153	2	0	0	168869	173590	DCM	123	D	5-20	1073972	jul	-8.90406	-140.285	147.984	01-Aug-2011 20:13:34	0.051638	1.406	0.661	5.533	1.268	22.534	35.923
TV9_361	401397	0	1	65	125	0	0	0	401588	409131	SUR	123	D	5-20	2444429	jul	-8.90406	-140.285	5.53792	31-Jul-2011 17:24:32	0.319103	0.144	19.816	30.278	1.128	27.940	33.543
TV9_349	4739	31	772	1950	6327	89	0	6	13914	27756	DCM	123	D	0.8-5	1210479	jul	-8.90406	-140.285	147.984	01-Aug-2011 20:13:34	0.051638	1.406	0.661	5.533	1.268	22.534	35.923
TV9_359	101532	734	382	12753	25202	670	0	6	141279	228782	SUR	123	D	0.8-5	1462371	jul	-8.90406	-140.285	5.53792	31-Jul-2011 17:24:32	0.319103	0.144	19.816	30.278	1.128	27.940	33.543
TV9_353	222	0	0	0	14	1	0	0	237	377	DCM	123	D	180-2000	1293205	jul	-8.90406	-140.285	147.984	01-Aug-2011 20:13:34	0.051638	1.406	0.661	5.533	1.268	22.534	35.923
TV9_363	2003	0	1	0	4	0	0	0	2008	2692	SUR	123	D	180-2000	3152601	jul	-8.90406	-140.285	5.53792	31-Jul-2011 17:24:32	0.319103	0.144	19.816	30.278	1.128	27.940	33.543
TV9_352	10898	0	0	2	35	0	0	0	10935	11538	DCM	123	D	20-180	1332858	jul	-8.90406	-140.285	147.984	01-Aug-2011 20:13:34	0.051638	1.406	0.661	5.533	1.268	22.534	35.923
TV9_362	46985	0	1	3	134	0	0	0	47123	48908	SUR	123	D	20-180	2246760	jul	-8.90406	-140.285	5.53792	31-Jul-2011 17:24:32	0.319103	0.144	19.816	30.278	1.128	27.940	33.543
TV9_371	40357	0	8	103	35	0	0	0	40503	41410	SUR	124	D	5-20	1231723	aug	-9.06736	-140.62	9.8985	05-Aug-2011 00:27:55	0.286662	0.172	0.627	6.212	2.554	26.565	35.405
TV9_364	10611	22	4039	3270	8985	103	0	20	27050	56263	DCM	124	D	0.8-5	1925474	aug	-9.06736	-140.62	118.282	05-Aug-2011 19:30:32	0.127609	0.338	0.500	1.699	1.578	24.684	36.081
TV9_368	20577	648	1817	4755	13696	72	4	2	41571	107707	SUR	124	D	0.8-5	1258467	aug	-9.06736	-140.62	9.8985	05-Aug-2011 00:27:55	0.286662	0.172	0.627	6.212	2.554	26.565	35.405
TV9_366	777	1	6	67	143	3	0	1	998	1497	DCM	124	D	180-2000	1258769	aug	-9.06736	-140.62	118.282	05-Aug-2011 19:30:32	0.127609	0.338	0.500	1.699	1.578	24.684	36.081
TV9_373	208	0	0	0	5	0	0	0	213	235	SUR	124	D	180-2000	911673	aug	-9.06736	-140.62	9.8985	05-Aug-2011 00:27:55	0.286662	0.172	0.627	6.212	2.554	26.565	35.405
TV9_372	14174	0	0	0	54	0	0	0	14228	14498	SUR	124	D	20-180	1149704	aug	-9.06736	-140.62	9.8985	05-Aug-2011 00:27:55	0.286662	0.172	0.627	6.212	2.554	26.565	35.405
TV9_376	94339	0	2	21	30	0	0	0	94392	97254	DCM	125	D	5-20	2075425	aug	-8.8997	-142.582	138.169	09-Aug-2011 19:06:03	0.020173	0.063	0.559	3.217	1.321	23.579	36.242
TV9_381	36108	0	0	5	34	0	0	0	36147	37450	SUR	125	D	5-20	1921778	aug	-8.8997	-142.582	5.45642	08-Aug-2011 17:38:54	0.233673	0.195	0.556	3.728	1.802	26.869	35.421
TV9_374	1108	0	2129	392	242	22	0	3	3896	6043	DCM	125	D	0.8-5	2013280	aug	-8.8997	-142.582	138.169	09-Aug-2011 19:06:03	0.020173	0.063	0.559	3.217	1.321	23.579	36.242
TV9_379	5922	588	6202	12967	37593	505	0	0	63777	143104	SUR	125	D	0.8-5	1875598	aug	-8.8997	-142.582	5.45642	08-Aug-2011 17:38:54	0.233673	0.195	0.556	3.728	1.802	26.869	35.421
TV9_378	1156	0	3	2	14	0	0	0	1175	1268	DCM	125	D	180-2000	2144312	aug	-8.8997	-142.582	138.169	09-Aug-2011 19:06:03	0.020173	0.063	0.559	3.217	1.321	23.579	36.242
TV9_383	381	5	1328	170	305	20	0	0	2209	3777	SUR	125	D	180-2000	2078683	aug	-8.8997	-142.582	5.45642	08-Aug-2011 17:38:54	0.233673	0.195	0.556	3.728	1.802	26.869	35.421
TV9_377	11757	0	1	2	40	0	0	0	11800	12279	DCM	125	D	20-180	2476721	aug	-8.8997	-142.582	138.169	09-Aug-2011 19:06:03	0.020173	0.063	0.559	3.217	1.321	23.579	36.242
TV9_382	12856	0	1	3	49	0	0	0	12909	13234	SUR	125	D	20-180	2061811	aug	-8.8997	-142.582	5.45642	08-Aug-2011 17:38:54	0.233673	0.195	0.556	3.728	1.802	26.869	35.421
