name	taxonomy_id	taxonomy_lvl	CD_7_long.bracken_O.txt_num	CD_7_long.bracken_O.txt_frac	CD_7_short.bracken_O.txt_num	CD_7_short.bracken_O.txt_frac	TD_31_long.bracken_O.txt_num	TD_31_long.bracken_O.txt_frac	TD_31_short.bracken_O.txt_num	TD_31_short.bracken_O.txt_frac	TD_92_long.bracken_O.txt_num	TD_92_long.bracken_O.txt_frac	TD_92_short.bracken_O.txt_num	TD_92_short.bracken_O.txt_frac
Lachnospirales	3085636	O	3357	0.15181	125294	0.11285	2487	0.08262	39389	0.01961	967	0.01274	65787	0.02989
Eubacteriales	186802	O	3350	0.15149	202061	0.18200	3218	0.10691	59452	0.02960	994	0.01309	69151	0.03141
Peptostreptococcales	3082720	O	500	0.02261	28091	0.02530	303	0.01007	9915	0.00494	266	0.00350	33376	0.01516
Monoglobales	3085656	O	61	0.00276	25948	0.02337	190	0.00631	9043	0.00450	55	0.00072	13234	0.00601
Lactobacillales	186826	O	1683	0.07611	51981	0.04682	1468	0.04877	37052	0.01845	1631	0.02148	130865	0.05945
Coriobacteriales	84999	O	4309	0.19486	105694	0.09520	15	0.00050	1937	0.00096	30	0.00040	3252	0.00148
Micrococcales	85006	O	81	0.00366	11314	0.01019	0	0.00000	3629	0.00181	60	0.00079	15117	0.00687
Propionibacteriales	85009	O	41	0.00185	6367	0.00573	15	0.00050	1274	0.00063	20	0.00026	3324	0.00151
Bacteroidales	171549	O	3864	0.17474	153342	0.13811	19583	0.65060	1703761	0.84837	62047	0.81718	1094740	0.49733
Enterobacterales	91347	O	1929	0.08723	185209	0.16682	1442	0.04791	25762	0.01283	9307	0.12258	569117	0.25855
Campylobacterales	213849	O	312	0.01411	29149	0.02625	383	0.01272	9278	0.00462	72	0.00095	4779	0.00217
Primates	9443	O	726	0.03283	28421	0.02560	689	0.02289	37938	0.01889	352	0.00464	43491	0.01976
Crassvirales	1978007	O	1900	0.08592	4956	0.00446	37	0.00123	1803	0.00090	114	0.00150	3012	0.00137
Bacillales	1385	O	0	0.00000	39182	0.03529	64	0.00213	13243	0.00659	0	0.00000	35513	0.01613
Tissierellales	1737405	O	0	0.00000	698	0.00063	0	0.00000	447	0.00022	0	0.00000	767	0.00035
Selenomonadales	909929	O	0	0.00000	244	0.00022	0	0.00000	96	0.00005	0	0.00000	289	0.00013
Eggerthellales	1643822	O	0	0.00000	174	0.00016	0	0.00000	474	0.00024	0	0.00000	0	0.00000
Mycobacteriales	85007	O	0	0.00000	17455	0.01572	0	0.00000	2963	0.00148	0	0.00000	21962	0.00998
Bifidobacteriales	85004	O	0	0.00000	6340	0.00571	206	0.00684	1934	0.00096	13	0.00017	2994	0.00136
Kitasatosporales	85011	O	0	0.00000	3710	0.00334	0	0.00000	1560	0.00078	0	0.00000	9967	0.00453
Streptosporangiales	85012	O	0	0.00000	2920	0.00263	0	0.00000	1275	0.00063	0	0.00000	8443	0.00384
Actinomycetales	2037	O	0	0.00000	1900	0.00171	0	0.00000	497	0.00025	0	0.00000	2777	0.00126
Pseudonocardiales	85010	O	0	0.00000	57	0.00005	0	0.00000	19	0.00001	0	0.00000	1788	0.00081
Miltoncostaeales	2843198	O	0	0.00000	11	0.00001	0	0.00000	0	0.00000	0	0.00000	18	0.00001
Deinococcales	118964	O	0	0.00000	1580	0.00142	0	0.00000	663	0.00033	0	0.00000	175	0.00008
Thermales	68933	O	0	0.00000	56	0.00005	0	0.00000	27	0.00001	0	0.00000	0	0.00000
Leptolyngbyales	3079749	O	0	0.00000	1246	0.00112	0	0.00000	421	0.00021	0	0.00000	1589	0.00072
Coleofasciculales	3079753	O	0	0.00000	114	0.00010	0	0.00000	73	0.00004	0	0.00000	107	0.00005
Nostocales	1161	O	0	0.00000	57	0.00005	0	0.00000	39	0.00002	0	0.00000	85	0.00004
Acaryochloridales	3079744	O	0	0.00000	17	0.00002	0	0.00000	0	0.00000	0	0.00000	24	0.00001
Oscillatoriales	1150	O	0	0.00000	12	0.00001	0	0.00000	0	0.00000	0	0.00000	0	0.00000
Mycoplasmoidales	2790996	O	0	0.00000	1400	0.00126	0	0.00000	617	0.00031	0	0.00000	483	0.00022
Thermomicrobiales	189776	O	0	0.00000	62	0.00006	0	0.00000	18	0.00001	0	0.00000	14	0.00001
Oceanospirillales	135619	O	0	0.00000	1727	0.00156	0	0.00000	546	0.00027	0	0.00000	914	0.00042
Pseudomonadales	72274	O	0	0.00000	1398	0.00126	0	0.00000	709	0.00035	0	0.00000	1339	0.00061
Aeromonadales	135624	O	0	0.00000	891	0.00080	0	0.00000	1091	0.00054	0	0.00000	1913	0.00087
Lysobacterales	135614	O	0	0.00000	786	0.00071	0	0.00000	471	0.00023	0	0.00000	603	0.00027
Moraxellales	2887326	O	0	0.00000	643	0.00058	0	0.00000	367	0.00018	0	0.00000	382	0.00017
Vibrionales	135623	O	0	0.00000	361	0.00033	0	0.00000	582	0.00029	0	0.00000	199	0.00009
Legionellales	118969	O	0	0.00000	257	0.00023	0	0.00000	100	0.00005	0	0.00000	173	0.00008
Alteromonadales	135622	O	0	0.00000	121	0.00011	0	0.00000	199	0.00010	0	0.00000	446	0.00020
Pasteurellales	135625	O	0	0.00000	55	0.00005	0	0.00000	36	0.00002	0	0.00000	326	0.00015
Thiotrichales	72273	O	0	0.00000	40	0.00004	0	0.00000	79	0.00004	0	0.00000	77	0.00003
Methylococcales	135618	O	0	0.00000	14	0.00001	0	0.00000	67	0.00003	0	0.00000	67	0.00003
Chromatiales	135613	O	0	0.00000	10	0.00001	0	0.00000	0	0.00000	0	0.00000	0	0.00000
Hyphomicrobiales	356	O	0	0.00000	13551	0.01221	0	0.00000	7276	0.00362	0	0.00000	11271	0.00512
Rhodobacterales	204455	O	0	0.00000	7484	0.00674	0	0.00000	3567	0.00178	0	0.00000	10473	0.00476
Rhodospirillales	204441	O	0	0.00000	4076	0.00367	0	0.00000	3523	0.00175	0	0.00000	3089	0.00140
Sphingomonadales	204457	O	0	0.00000	1448	0.00130	0	0.00000	772	0.00038	0	0.00000	1246	0.00057
Caulobacterales	204458	O	0	0.00000	998	0.00090	0	0.00000	101	0.00005	0	0.00000	169	0.00008
Geminicoccales	3108222	O	0	0.00000	235	0.00021	0	0.00000	83	0.00004	0	0.00000	20	0.00001
Burkholderiales	80840	O	0	0.00000	5666	0.00510	0	0.00000	4208	0.00210	0	0.00000	5983	0.00272
Neisseriales	206351	O	0	0.00000	1197	0.00108	0	0.00000	974	0.00048	0	0.00000	548	0.00025
Rhodocyclales	206389	O	0	0.00000	19	0.00002	0	0.00000	26	0.00001	0	0.00000	151	0.00007
Acidithiobacillales	225057	O	0	0.00000	58	0.00005	0	0.00000	22	0.00001	0	0.00000	25	0.00001
Flavobacteriales	200644	O	0	0.00000	6328	0.00570	0	0.00000	2801	0.00139	0	0.00000	4476	0.00203
Cytophagales	768507	O	0	0.00000	555	0.00050	0	0.00000	1702	0.00085	0	0.00000	714	0.00032
Sphingobacteriales	200666	O	0	0.00000	37	0.00003	0	0.00000	346	0.00017	0	0.00000	144	0.00007
Gemmatimonadales	219686	O	0	0.00000	80	0.00007	0	0.00000	15	0.00001	0	0.00000	213	0.00010
Fusobacteriales	203491	O	0	0.00000	3092	0.00278	0	0.00000	928	0.00046	0	0.00000	1615	0.00073
Desulfovibrionales	213115	O	0	0.00000	80	0.00007	0	0.00000	28	0.00001	0	0.00000	13	0.00001
Desulfuromonadales	69541	O	0	0.00000	20	0.00002	0	0.00000	87	0.00004	0	0.00000	84	0.00004
Spirochaetales	136	O	0	0.00000	87	0.00008	0	0.00000	44	0.00002	0	0.00000	39	0.00002
Isosphaerales	2691356	O	0	0.00000	39	0.00004	0	0.00000	59	0.00003	0	0.00000	48	0.00002
Halobacteriales	2235	O	0	0.00000	9379	0.00845	0	0.00000	4916	0.00245	0	0.00000	6559	0.00298
Methanosarcinales	94695	O	0	0.00000	3569	0.00321	0	0.00000	1855	0.00092	0	0.00000	2847	0.00129
Methanomicrobiales	2191	O	0	0.00000	1898	0.00171	0	0.00000	1518	0.00076	0	0.00000	1652	0.00075
Methanocellales	570264	O	0	0.00000	1120	0.00101	0	0.00000	829	0.00041	0	0.00000	894	0.00041
Methanotrichales	2905377	O	0	0.00000	117	0.00011	0	0.00000	106	0.00005	0	0.00000	20	0.00001
Methanobacteriales	2158	O	0	0.00000	4142	0.00373	0	0.00000	880	0.00044	0	0.00000	2187	0.00099
Methanococcales	2182	O	0	0.00000	1338	0.00121	0	0.00000	1059	0.00053	0	0.00000	1326	0.00060
Methanopyrales	68985	O	0	0.00000	95	0.00009	0	0.00000	0	0.00000	0	0.00000	0	0.00000
Thermococcales	2258	O	0	0.00000	616	0.00055	0	0.00000	701	0.00035	0	0.00000	344	0.00016
Methanonatronarchaeales	2202723	O	0	0.00000	88	0.00008	0	0.00000	13	0.00001	0	0.00000	36	0.00002
Archaeoglobales	2231	O	0	0.00000	62	0.00006	0	0.00000	64	0.00003	0	0.00000	57	0.00003
Acidilobales	871006	O	0	0.00000	337	0.00030	0	0.00000	102	0.00005	0	0.00000	57	0.00003
Sulfolobales	2281	O	0	0.00000	128	0.00012	0	0.00000	131	0.00007	0	0.00000	192	0.00009
Desulfurococcales	114380	O	0	0.00000	135	0.00012	0	0.00000	80	0.00004	0	0.00000	48	0.00002
Thermoproteales	2266	O	0	0.00000	53	0.00005	0	0.00000	29	0.00001	0	0.00000	41	0.00002
Thermofilales	2856582	O	0	0.00000	37	0.00003	0	0.00000	92	0.00005	0	0.00000	37	0.00002
Nitrosopumilales	31932	O	0	0.00000	145	0.00013	0	0.00000	146	0.00007	0	0.00000	147	0.00007
Nitrososphaerales	1033996	O	0	0.00000	24	0.00002	0	0.00000	25	0.00001	0	0.00000	66	0.00003
Conexivisphaerales	2798275	O	0	0.00000	14	0.00001	0	0.00000	0	0.00000	0	0.00000	0	0.00000
Methanomassiliicoccales	1235850	O	0	0.00000	315	0.00028	0	0.00000	104	0.00005	0	0.00000	84	0.00004
Thermoplasmatales	2301	O	0	0.00000	123	0.00011	0	0.00000	51	0.00003	0	0.00000	71	0.00003
Herpesvirales	548681	O	0	0.00000	21	0.00002	0	0.00000	0	0.00000	0	0.00000	15	0.00001
Imitervirales	2732554	O	0	0.00000	42	0.00004	0	0.00000	55	0.00003	0	0.00000	72	0.00003
Algavirales	2732524	O	0	0.00000	23	0.00002	0	0.00000	0	0.00000	0	0.00000	0	0.00000
Lefavirales	2840070	O	0	0.00000	17	0.00002	0	0.00000	37	0.00002	0	0.00000	0	0.00000
Rickettsiales	766	O	0	0.00000	0	0.00000	0	0.00000	12	0.00001	0	0.00000	0	0.00000
Desulfobacterales	213118	O	0	0.00000	0	0.00000	0	0.00000	26	0.00001	0	0.00000	0	0.00000
Candidatus Prometheoarchaeales	3049163	O	0	0.00000	0	0.00000	0	0.00000	22	0.00001	0	0.00000	985	0.00045
Bunyavirales	1980410	O	0	0.00000	0	0.00000	0	0.00000	11	0.00001	0	0.00000	15	0.00001
Patatavirales	2732550	O	0	0.00000	0	0.00000	0	0.00000	13	0.00001	0	0.00000	0	0.00000
Hydrogenophilales	119069	O	0	0.00000	0	0.00000	0	0.00000	0	0.00000	0	0.00000	282	0.00013
Nodosilineales	3039985	O	0	0.00000	0	0.00000	0	0.00000	0	0.00000	0	0.00000	43	0.00002
Chroococcales	1118	O	0	0.00000	0	0.00000	0	0.00000	0	0.00000	0	0.00000	15	0.00001
Synechococcales	1890424	O	0	0.00000	0	0.00000	0	0.00000	0	0.00000	0	0.00000	17	0.00001
Leptospirales	1643688	O	0	0.00000	0	0.00000	0	0.00000	0	0.00000	0	0.00000	18	0.00001
Terriglobales	204433	O	0	0.00000	0	0.00000	0	0.00000	0	0.00000	0	0.00000	18	0.00001
Pimascovirales	2732555	O	0	0.00000	0	0.00000	0	0.00000	0	0.00000	0	0.00000	12	0.00001
Chitovirales	2732527	O	0	0.00000	0	0.00000	0	0.00000	0	0.00000	0	0.00000	22	0.00001
Reovirales	2732541	O	0	0.00000	0	0.00000	0	0.00000	0	0.00000	0	0.00000	36	0.00002
