name	taxonomy_id	taxonomy_lvl	CD_7_long.bracken_S.txt_num	CD_7_long.bracken_S.txt_frac	CD_7_short.bracken_S.txt_num	CD_7_short.bracken_S.txt_frac	TD_31_long.bracken_S.txt_num	TD_31_long.bracken_S.txt_frac	TD_31_short.bracken_S.txt_num	TD_31_short.bracken_S.txt_frac	TD_92_long.bracken_S.txt_num	TD_92_long.bracken_S.txt_frac	TD_92_short.bracken_S.txt_num	TD_92_short.bracken_S.txt_frac
Agathobacter rectalis	39491	S	1654	0.07630	48160	0.04369	800	0.02700	16139	0.00806	208	0.00275	22933	0.01047
Lachnospira eligens	39485	S	1446	0.06670	61306	0.05561	1405	0.04741	16093	0.00803	669	0.00886	31906	0.01457
Roseburia sp. 831b	1261635	S	68	0.00314	6034	0.00547	30	0.00101	1593	0.00080	49	0.00065	6985	0.00319
Blautia hydrogenotrophica	53443	S	54	0.00249	4132	0.00375	183	0.00618	3708	0.00185	0	0.00000	65	0.00003
Vescimonas fastidiosa	2714353	S	1667	0.07690	134641	0.12213	1717	0.05794	35866	0.01791	532	0.00705	39934	0.01824
Pusillibacter faecalis	2714358	S	375	0.01730	20931	0.01899	131	0.00442	7949	0.00397	20	0.00026	4881	0.00223
Clostridium perfringens	1502	S	1183	0.05457	35636	0.03233	1203	0.04060	11068	0.00553	429	0.00568	14656	0.00669
Sarcina sp. JB2	2726954	S	44	0.00203	0	0.00000	0	0.00000	0	0.00000	0	0.00000	0	0.00000
Butyricicoccus sp. GAM44	2109686	S	33	0.00152	335	0.00030	77	0.00260	728	0.00036	0	0.00000	63	0.00003
Clostridioides difficile	1496	S	458	0.02113	27144	0.02462	284	0.00958	9531	0.00476	238	0.00315	30263	0.01382
Paraclostridium bifermentans	1490	S	18	0.00083	380	0.00034	14	0.00047	202	0.00010	21	0.00028	1894	0.00086
Monoglobus pectinilyticus	1981510	S	61	0.00281	25948	0.02354	190	0.00641	9043	0.00451	55	0.00073	13234	0.00604
Enterococcus faecium	1352	S	1243	0.05734	26419	0.02396	1045	0.03526	16699	0.00834	1286	0.01703	105763	0.04830
Enterococcus sp. FDAARGOS_553	2420313	S	41	0.00189	5354	0.00486	67	0.00226	1302	0.00065	21	0.00028	1678	0.00077
Streptococcus salivarius	1304	S	43	0.00198	113	0.00010	49	0.00165	1867	0.00093	48	0.00064	4674	0.00213
Lactobacillus amylovorus	1604	S	319	0.01472	5234	0.00475	294	0.00992	3914	0.00195	0	0.00000	2272	0.00104
Pediococcus acidilactici	1254	S	14	0.00065	157	0.00014	0	0.00000	212	0.00011	0	0.00000	308	0.00014
Collinsella aerofaciens	74426	S	4309	0.19877	105694	0.09587	15	0.00051	1937	0.00097	30	0.00040	3252	0.00149
Bacteroides finegoldii	338188	S	659	0.03040	19765	0.01793	6259	0.21121	666267	0.33261	30711	0.40670	659584	0.30121
Bacteroides sp. CACC 737	2755405	S	160	0.00738	2085	0.00189	167	0.00564	42458	0.02120	534	0.00707	6704	0.00306
Bacteroides uniformis	820	S	614	0.02832	3350	0.00304	57	0.00192	8564	0.00428	240	0.00318	4466	0.00204
Bacteroides fragilis	817	S	469	0.02163	70101	0.06359	1573	0.05308	190475	0.09509	1276	0.01690	27107	0.01238
Bacteroides thetaiotaomicron	818	S	522	0.02408	14971	0.01358	3593	0.12125	137600	0.06869	0	0.00000	2299	0.00105
Bacteroides ovatus	28116	S	207	0.00955	1123	0.00102	1107	0.03736	38701	0.01932	4329	0.05733	50480	0.02305
Phocaeicola vulgatus	821	S	210	0.00969	868	0.00079	0	0.00000	13634	0.00681	0	0.00000	1481	0.00068
Parabacteroides distasonis	823	S	962	0.04438	22892	0.02077	5144	0.17358	521966	0.26058	24067	0.31872	330300	0.15084
Segatella copri	165179	S	29	0.00134	9087	0.00824	263	0.00887	12715	0.00635	106	0.00140	840	0.00038
Escherichia coli	562	S	805	0.03713	120014	0.10886	546	0.01842	16609	0.00829	9052	0.11987	543581	0.24824
Klebsiella pneumoniae	573	S	1082	0.04991	55782	0.05060	124	0.00418	1595	0.00080	111	0.00147	5206	0.00238
Klebsiella variicola	244366	S	42	0.00194	4150	0.00376	0	0.00000	267	0.00013	0	0.00000	132	0.00006
Campylobacter coli	195	S	268	0.01236	8842	0.00802	280	0.00945	2906	0.00145	67	0.00089	2446	0.00112
Campylobacter jejuni	197	S	46	0.00212	17887	0.01623	104	0.00351	5489	0.00274	0	0.00000	2104	0.00096
Homo sapiens	9606	S	726	0.03349	20267	0.01838	689	0.02325	37954	0.01895	362	0.00479	43493	0.01986
Buorbuivirus hominis	2955559	S	640	0.02952	0	0.00000	0	0.00000	0	0.00000	0	0.00000	0	0.00000
Aurodevirus hiberniae	2955382	S	194	0.00895	13	0.00001	0	0.00000	0	0.00000	0	0.00000	0	0.00000
Kingevirus communis	2956060	S	306	0.01412	0	0.00000	0	0.00000	0	0.00000	0	0.00000	0	0.00000
Junduvirus communis	2956034	S	140	0.00646	16	0.00001	0	0.00000	0	0.00000	0	0.00000	0	0.00000
Lahndsivirus rarus	2956099	S	261	0.01204	0	0.00000	0	0.00000	0	0.00000	0	0.00000	0	0.00000
Kahnovirus copri	2956046	S	54	0.00249	0	0.00000	0	0.00000	0	0.00000	0	0.00000	0	0.00000
Kolpuevirus hominis	2956064	S	41	0.00189	0	0.00000	0	0.00000	0	0.00000	0	0.00000	0	0.00000
Toutatisvirus toutatis	2734150	S	105	0.00484	1786	0.00162	0	0.00000	714	0.00036	0	0.00000	43	0.00002
Oengusvirus oengus	2734262	S	89	0.00411	811	0.00074	0	0.00000	197	0.00010	0	0.00000	0	0.00000
Taranisvirus taranis	2734146	S	17	0.00078	6390	0.00580	0	0.00000	20	0.00001	0	0.00000	0	0.00000
Vescimonas coprocola	2714355	S	0	0.00000	119	0.00011	0	0.00000	0	0.00000	0	0.00000	0	0.00000
Ruminococcus albus	1264	S	0	0.00000	350	0.00032	0	0.00000	109	0.00005	0	0.00000	24	0.00001
Flavonifractor plautii	292800	S	0	0.00000	36	0.00003	44	0.00148	721	0.00036	0	0.00000	86	0.00004
Anaerotruncus colihominis	169435	S	0	0.00000	13	0.00001	0	0.00000	0	0.00000	0	0.00000	0	0.00000
Clostridium estertheticum	238834	S	0	0.00000	5210	0.00473	0	0.00000	1519	0.00076	0	0.00000	4098	0.00187
Clostridium butyricum	1492	S	0	0.00000	888	0.00081	0	0.00000	211	0.00011	0	0.00000	526	0.00024
Clostridium sp. M62/1	411486	S	0	0.00000	849	0.00077	0	0.00000	223	0.00011	0	0.00000	1430	0.00065
Clostridium sp. MT351	1195166	S	0	0.00000	300	0.00027	0	0.00000	82	0.00004	0	0.00000	331	0.00015
Clostridium botulinum	1491	S	0	0.00000	437	0.00040	0	0.00000	93	0.00005	0	0.00000	224	0.00010
Clostridium tagluense	360422	S	0	0.00000	81	0.00007	0	0.00000	0	0.00000	0	0.00000	17	0.00001
Clostridium septicum	1504	S	0	0.00000	58	0.00005	0	0.00000	0	0.00000	0	0.00000	36	0.00002
Clostridium felsineum	36839	S	0	0.00000	28	0.00003	0	0.00000	12	0.00001	0	0.00000	0	0.00000
Clostridium baratii	1561	S	0	0.00000	24	0.00002	0	0.00000	0	0.00000	0	0.00000	19	0.00001
Clostridium acetobutylicum	1488	S	0	0.00000	14	0.00001	0	0.00000	0	0.00000	0	0.00000	22	0.00001
Butyrivibrio fibrisolvens	831	S	0	0.00000	1247	0.00113	0	0.00000	1076	0.00054	0	0.00000	2255	0.00103
Butyrivibrio proteoclasticus	43305	S	0	0.00000	948	0.00086	0	0.00000	296	0.00015	0	0.00000	319	0.00015
Anaerobutyricum hallii	39488	S	0	0.00000	1429	0.00130	0	0.00000	66	0.00003	0	0.00000	31	0.00001
Mediterraneibacter gnavus	33038	S	0	0.00000	1074	0.00097	0	0.00000	0	0.00000	0	0.00000	0	0.00000
Sporofaciens musculi	2681861	S	0	0.00000	860	0.00078	0	0.00000	365	0.00018	0	0.00000	994	0.00045
Pseudobutyrivibrio xylanivorans	185007	S	0	0.00000	101	0.00009	0	0.00000	45	0.00002	0	0.00000	10	0.00000
Paraclostridium sordellii	1505	S	0	0.00000	139	0.00013	0	0.00000	89	0.00004	0	0.00000	820	0.00037
Peptoclostridium acidaminophilum	1731	S	0	0.00000	352	0.00032	0	0.00000	56	0.00003	0	0.00000	200	0.00009
Alkaliphilus sp. B6464	2731219	S	0	0.00000	23	0.00002	0	0.00000	19	0.00001	0	0.00000	164	0.00007
Bacillus thuringiensis	1428	S	0	0.00000	1058	0.00096	0	0.00000	265	0.00013	0	0.00000	872	0.00040
Bacillus cereus	1396	S	0	0.00000	247	0.00022	0	0.00000	172	0.00009	0	0.00000	373	0.00017
Bacillus mycoides	1405	S	0	0.00000	59	0.00005	0	0.00000	15	0.00001	0	0.00000	44	0.00002
Bacillus pacificus	2026187	S	0	0.00000	91	0.00008	0	0.00000	91	0.00005	0	0.00000	216	0.00010
Bacillus sp. N5-665	2925318	S	0	0.00000	644	0.00058	0	0.00000	178	0.00009	0	0.00000	788	0.00036
Bacillus sp. 31A1R	3098077	S	0	0.00000	270	0.00024	0	0.00000	47	0.00002	0	0.00000	18	0.00001
Bacillus subtilis	1423	S	0	0.00000	2891	0.00262	0	0.00000	904	0.00045	0	0.00000	1971	0.00090
Bacillus velezensis	492670	S	0	0.00000	96	0.00009	0	0.00000	25	0.00001	0	0.00000	169	0.00008
Peribacillus asahii	228899	S	0	0.00000	2114	0.00192	0	0.00000	830	0.00041	0	0.00000	1841	0.00084
Priestia megaterium	1404	S	0	0.00000	295	0.00027	0	0.00000	104	0.00005	0	0.00000	341	0.00016
Priestia aryabhattai	412384	S	0	0.00000	319	0.00029	0	0.00000	129	0.00006	0	0.00000	262	0.00012
Niallia taxi	2499688	S	0	0.00000	273	0.00025	0	0.00000	53	0.00003	0	0.00000	236	0.00011
Niallia sp. XMNu-256	3082444	S	0	0.00000	149	0.00014	0	0.00000	154	0.00008	0	0.00000	149	0.00007
Pontibacillus sp. ALD_SL1	2777185	S	0	0.00000	125	0.00011	0	0.00000	64	0.00003	0	0.00000	174	0.00008
Metabacillus sp. B2-18	2897333	S	0	0.00000	144	0.00013	0	0.00000	19	0.00001	0	0.00000	120	0.00005
Anoxybacillus amylolyticus	294699	S	0	0.00000	51	0.00005	0	0.00000	14	0.00001	0	0.00000	23	0.00001
Radiobacillus kanasensis	2844358	S	0	0.00000	34	0.00003	0	0.00000	70	0.00003	0	0.00000	91	0.00004
Mesobacillus foraminis	279826	S	0	0.00000	23	0.00002	0	0.00000	52	0.00003	0	0.00000	0	0.00000
Lysinibacillus fusiformis	28031	S	0	0.00000	12	0.00001	0	0.00000	17	0.00001	0	0.00000	43	0.00002
Rossellomorea marisflavi	189381	S	0	0.00000	20	0.00002	0	0.00000	0	0.00000	0	0.00000	0	0.00000
Parageobacillus thermoglucosidasius	1426	S	0	0.00000	51	0.00005	0	0.00000	0	0.00000	0	0.00000	0	0.00000
Paenibacillus polymyxa	1406	S	0	0.00000	3502	0.00318	0	0.00000	1123	0.00056	0	0.00000	1521	0.00069
Paenibacillus cellulosilyticus	375489	S	0	0.00000	826	0.00075	0	0.00000	360	0.00018	0	0.00000	396	0.00018
Paenibacillus urinalis	521520	S	0	0.00000	1707	0.00155	0	0.00000	0	0.00000	0	0.00000	0	0.00000
Paenibacillus cellulositrophicus	562959	S	0	0.00000	133	0.00012	0	0.00000	45	0.00002	0	0.00000	20	0.00001
Paenibacillus sonchi	373687	S	0	0.00000	13	0.00001	0	0.00000	0	0.00000	0	0.00000	0	0.00000
Paenibacillus elgii	189691	S	0	0.00000	69	0.00006	0	0.00000	0	0.00000	0	0.00000	1306	0.00060
Paenibacillus sp. IHB B 3084	867076	S	0	0.00000	10	0.00001	0	0.00000	0	0.00000	0	0.00000	0	0.00000
Brevibacillus laterosporus	1465	S	0	0.00000	1481	0.00134	0	0.00000	871	0.00043	0	0.00000	1139	0.00052
Staphylococcus aureus	1280	S	0	0.00000	18310	0.01661	0	0.00000	4429	0.00221	0	0.00000	17307	0.00790
Staphylococcus equorum	246432	S	0	0.00000	741	0.00067	0	0.00000	0	0.00000	0	0.00000	0	0.00000
Staphylococcus epidermidis	1282	S	0	0.00000	32	0.00003	0	0.00000	82	0.00004	0	0.00000	46	0.00002
Listeria monocytogenes	1639	S	0	0.00000	2150	0.00195	0	0.00000	1027	0.00051	0	0.00000	1981	0.00090
Listeria seeligeri	1640	S	0	0.00000	54	0.00005	0	0.00000	0	0.00000	0	0.00000	0	0.00000
Listeria innocua	1642	S	0	0.00000	65	0.00006	0	0.00000	62	0.00003	0	0.00000	262	0.00012
Planococcus donghaensis	414778	S	0	0.00000	131	0.00012	0	0.00000	0	0.00000	0	0.00000	641	0.00029
Exiguobacterium sp. N4-1P	2051906	S	0	0.00000	237	0.00021	0	0.00000	139	0.00007	0	0.00000	734	0.00034
Alicyclobacillus dauci	1475485	S	0	0.00000	11	0.00001	0	0.00000	0	0.00000	0	0.00000	127	0.00006
Enterococcus sp. FDAARGOS_375	2060307	S	0	0.00000	361	0.00033	0	0.00000	330	0.00016	0	0.00000	68	0.00003
Enterococcus faecalis	1351	S	0	0.00000	7008	0.00636	0	0.00000	2658	0.00133	0	0.00000	3492	0.00159
Enterococcus hirae	1354	S	0	0.00000	408	0.00037	0	0.00000	670	0.00033	0	0.00000	224	0.00010
Enterococcus raffinosus	71452	S	0	0.00000	85	0.00008	0	0.00000	149	0.00007	0	0.00000	615	0.00028
Enterococcus gallinarum	1353	S	0	0.00000	101	0.00009	0	0.00000	182	0.00009	0	0.00000	331	0.00015
Enterococcus casseliflavus	37734	S	0	0.00000	350	0.00032	0	0.00000	323	0.00016	0	0.00000	136	0.00006
Enterococcus gilvus	160453	S	0	0.00000	30	0.00003	0	0.00000	12	0.00001	0	0.00000	122	0.00006
Latilactobacillus curvatus	28038	S	0	0.00000	1461	0.00133	0	0.00000	812	0.00041	0	0.00000	1156	0.00053
Levilactobacillus brevis	1580	S	0	0.00000	1513	0.00137	0	0.00000	329	0.00016	0	0.00000	216	0.00010
Ligilactobacillus salivarius	1624	S	0	0.00000	351	0.00032	0	0.00000	268	0.00013	19	0.00025	209	0.00010
Ligilactobacillus murinus	1622	S	0	0.00000	236	0.00021	0	0.00000	139	0.00007	0	0.00000	0	0.00000
Lactiplantibacillus plantarum	1590	S	0	0.00000	355	0.00032	0	0.00000	504	0.00025	0	0.00000	1092	0.00050
Limosilactobacillus reuteri	1598	S	0	0.00000	783	0.00071	0	0.00000	1560	0.00078	201	0.00266	4541	0.00207
Weissella cibaria	137591	S	0	0.00000	13	0.00001	0	0.00000	0	0.00000	0	0.00000	0	0.00000
Lactococcus cremoris	1359	S	0	0.00000	921	0.00084	0	0.00000	280	0.00014	0	0.00000	306	0.00014
Lactococcus lactis	1358	S	0	0.00000	94	0.00009	0	0.00000	505	0.00025	0	0.00000	141	0.00006
Lactococcus raffinolactis	1366	S	0	0.00000	32	0.00003	0	0.00000	655	0.00033	0	0.00000	142	0.00006
Streptococcus oralis	1303	S	0	0.00000	343	0.00031	24	0.00081	1698	0.00085	0	0.00000	1171	0.00053
Streptococcus sp. FDAARGOS_192	1839799	S	0	0.00000	41	0.00004	0	0.00000	245	0.00012	0	0.00000	235	0.00011
Streptococcus agalactiae	1311	S	0	0.00000	64	0.00006	0	0.00000	133	0.00007	0	0.00000	61	0.00003
Streptococcus suis	1307	S	0	0.00000	22	0.00002	0	0.00000	62	0.00003	0	0.00000	116	0.00005
Finegoldia magna	1260	S	0	0.00000	354	0.00032	0	0.00000	335	0.00017	0	0.00000	506	0.00023
Anaerococcus prevotii	33034	S	0	0.00000	123	0.00011	0	0.00000	15	0.00001	0	0.00000	33	0.00002
Anaerococcus degeneri	361500	S	0	0.00000	199	0.00018	0	0.00000	93	0.00005	0	0.00000	128	0.00006
Peptoniphilus asaccharolyticus	1258	S	0	0.00000	20	0.00002	0	0.00000	0	0.00000	0	0.00000	0	0.00000
Selenomonas ruminantium	971	S	0	0.00000	242	0.00022	0	0.00000	94	0.00005	0	0.00000	281	0.00013
Eggerthella lenta	84112	S	0	0.00000	174	0.00016	0	0.00000	474	0.00024	0	0.00000	0	0.00000
Glutamicibacter nicotianae	37929	S	0	0.00000	6708	0.00608	0	0.00000	0	0.00000	0	0.00000	0	0.00000
Arthrobacter sp. StoSoilB13	2830993	S	0	0.00000	754	0.00068	0	0.00000	384	0.00019	0	0.00000	3721	0.00170
Arthrobacter sp. ERGS1:01	1704044	S	0	0.00000	161	0.00015	0	0.00000	139	0.00007	0	0.00000	2049	0.00094
Arthrobacter sp. FW306-05-C	2879620	S	0	0.00000	259	0.00023	0	0.00000	86	0.00004	0	0.00000	294	0.00013
Arthrobacter sp. zg-Y1110	2886932	S	0	0.00000	103	0.00009	0	0.00000	23	0.00001	0	0.00000	0	0.00000
Arthrobacter sp. FB24	290399	S	0	0.00000	1026	0.00093	0	0.00000	0	0.00000	0	0.00000	0	0.00000
Arthrobacter sp. H16F315	2955314	S	0	0.00000	10	0.00001	0	0.00000	0	0.00000	0	0.00000	0	0.00000
Paenarthrobacter sp. YJN-5	2735316	S	0	0.00000	179	0.00016	0	0.00000	0	0.00000	0	0.00000	0	0.00000
Curtobacterium sp. MCSS17_016	2175644	S	0	0.00000	524	0.00048	0	0.00000	173	0.00009	0	0.00000	908	0.00041
Curtobacterium sp. MCBD17_040	2175674	S	0	0.00000	122	0.00011	0	0.00000	37	0.00002	0	0.00000	0	0.00000
Microbacterium sp. NIBRBAC000506063	2734618	S	0	0.00000	241	0.00022	0	0.00000	92	0.00005	0	0.00000	335	0.00015
Microbacterium sp. AISO3	2002831	S	0	0.00000	73	0.00007	0	0.00000	31	0.00002	0	0.00000	481	0.00022
Rathayibacter sp. VKM Ac-2760	2609253	S	0	0.00000	223	0.00020	0	0.00000	70	0.00003	0	0.00000	0	0.00000
Cellulomonas sp. WB94	2173174	S	0	0.00000	301	0.00027	0	0.00000	108	0.00005	0	0.00000	613	0.00028
Cellulomonas sp. C5510	2871170	S	0	0.00000	34	0.00003	0	0.00000	25	0.00001	0	0.00000	0	0.00000
Brachybacterium avium	2017485	S	0	0.00000	41	0.00004	0	0.00000	0	0.00000	0	0.00000	0	0.00000
Tsukamurella tyrosinosolvens	57704	S	0	0.00000	2630	0.00239	0	0.00000	3205	0.00160	0	0.00000	17431	0.00796
Corynebacterium striatum	43770	S	0	0.00000	12381	0.01123	0	0.00000	0	0.00000	0	0.00000	0	0.00000
Nocardia farcinica	37329	S	0	0.00000	1811	0.00164	0	0.00000	696	0.00035	0	0.00000	4043	0.00185
Rhodococcus qingshengii	334542	S	0	0.00000	510	0.00046	0	0.00000	546	0.00027	0	0.00000	1326	0.00061
Rhodococcus sp. NBC_00297	2976005	S	0	0.00000	10	0.00001	0	0.00000	0	0.00000	0	0.00000	0	0.00000
Rhodococcus opacus	37919	S	0	0.00000	24	0.00002	0	0.00000	0	0.00000	0	0.00000	378	0.00017
Rhodococcus pyridinivorans	103816	S	0	0.00000	84	0.00008	0	0.00000	0	0.00000	0	0.00000	0	0.00000
Mycobacterium intracellulare	1767	S	0	0.00000	11	0.00001	0	0.00000	0	0.00000	0	0.00000	0	0.00000
Bifidobacterium longum	216816	S	0	0.00000	5757	0.00522	206	0.00695	1934	0.00097	13	0.00017	2419	0.00110
Bifidobacterium breve	1685	S	0	0.00000	512	0.00046	0	0.00000	0	0.00000	0	0.00000	568	0.00026
Bifidobacterium catenulatum	1686	S	0	0.00000	71	0.00006	0	0.00000	0	0.00000	0	0.00000	0	0.00000
Streptomyces sp. BHT-5-2	2866715	S	0	0.00000	234	0.00021	0	0.00000	144	0.00007	0	0.00000	949	0.00043
Streptomyces sp. NBC_00841	2975847	S	0	0.00000	318	0.00029	0	0.00000	273	0.00014	0	0.00000	0	0.00000
Streptomyces sp. WAC07094	3072183	S	0	0.00000	89	0.00008	0	0.00000	35	0.00002	0	0.00000	13	0.00001
Streptomyces sp. ADI95-16	1522758	S	0	0.00000	703	0.00064	0	0.00000	190	0.00009	0	0.00000	0	0.00000
Streptomyces sp. ITFR-21	3075199	S	0	0.00000	81	0.00007	0	0.00000	37	0.00002	0	0.00000	0	0.00000
Streptomyces sp. NBC_01216	2903778	S	0	0.00000	68	0.00006	0	0.00000	35	0.00002	0	0.00000	0	0.00000
Streptomyces sp. NBC_00467	2975752	S	0	0.00000	36	0.00003	0	0.00000	0	0.00000	0	0.00000	0	0.00000
Streptomyces sp. NBC_01445	2903869	S	0	0.00000	127	0.00012	0	0.00000	0	0.00000	0	0.00000	1272	0.00058
Streptomyces sp. NBC_00212	2975684	S	0	0.00000	31	0.00003	0	0.00000	0	0.00000	0	0.00000	0	0.00000
Streptomyces sp. S501	2420135	S	0	0.00000	70	0.00006	0	0.00000	0	0.00000	0	0.00000	0	0.00000
Streptomyces sp. NBC_01237	2903790	S	0	0.00000	18	0.00002	0	0.00000	0	0.00000	0	0.00000	383	0.00017
Streptomyces sp. NBC_00184	2975673	S	0	0.00000	17	0.00002	0	0.00000	0	0.00000	0	0.00000	0	0.00000
Streptomyces sp. NBC_01766	2975936	S	0	0.00000	344	0.00031	0	0.00000	0	0.00000	0	0.00000	0	0.00000
Streptomyces sp. NBC_00704	2975809	S	0	0.00000	10	0.00001	0	0.00000	0	0.00000	0	0.00000	0	0.00000
Streptomyces rimosus	1927	S	0	0.00000	140	0.00013	0	0.00000	51	0.00003	0	0.00000	17	0.00001
Streptomyces fungicidicus	68203	S	0	0.00000	95	0.00009	0	0.00000	36	0.00002	0	0.00000	14	0.00001
Streptomyces clavuligerus	1901	S	0	0.00000	51	0.00005	0	0.00000	0	0.00000	0	0.00000	0	0.00000
Streptomyces akebiae	2865673	S	0	0.00000	44	0.00004	0	0.00000	20	0.00001	0	0.00000	0	0.00000
Streptomyces zaomyceticus	68286	S	0	0.00000	22	0.00002	0	0.00000	12	0.00001	0	0.00000	0	0.00000
Streptomyces mirabilis	68239	S	0	0.00000	71	0.00006	0	0.00000	65	0.00003	0	0.00000	0	0.00000
Streptomyces albidoflavus	1886	S	0	0.00000	157	0.00014	0	0.00000	0	0.00000	0	0.00000	0	0.00000
Streptomyces anthocyanicus	68174	S	0	0.00000	25	0.00002	0	0.00000	0	0.00000	0	0.00000	0	0.00000
Kitasatospora sp. NBC_01300	2903574	S	0	0.00000	368	0.00033	0	0.00000	0	0.00000	0	0.00000	4547	0.00208
Kitasatospora sp. NBC_00039	2903565	S	0	0.00000	35	0.00003	0	0.00000	0	0.00000	0	0.00000	10	0.00000
Embleya sp. NBC_00888	2975960	S	0	0.00000	187	0.00017	0	0.00000	71	0.00004	0	0.00000	134	0.00006
Embleya sp. NBC_00896	2975961	S	0	0.00000	22	0.00002	0	0.00000	21	0.00001	0	0.00000	30	0.00001
Nonomuraea gerenzanensis	93944	S	0	0.00000	2150	0.00195	0	0.00000	1141	0.00057	0	0.00000	7247	0.00331
Spongiactinospora sp. TRM90649	3031114	S	0	0.00000	746	0.00068	0	0.00000	238	0.00012	0	0.00000	1289	0.00059
Actinomadura luzonensis	2805427	S	0	0.00000	17	0.00002	0	0.00000	0	0.00000	0	0.00000	0	0.00000
Cutibacterium acnes	1747	S	0	0.00000	6398	0.00580	0	0.00000	1277	0.00064	0	0.00000	3317	0.00151
Actinomyces oris	544580	S	0	0.00000	1902	0.00173	0	0.00000	570	0.00028	0	0.00000	2830	0.00129
Miltoncostaea oceani	2843216	S	0	0.00000	11	0.00001	0	0.00000	0	0.00000	0	0.00000	18	0.00001
Deinococcus geothermalis	68909	S	0	0.00000	1195	0.00108	0	0.00000	0	0.00000	0	0.00000	0	0.00000
Deinococcus sp. NW-56	2080419	S	0	0.00000	55	0.00005	0	0.00000	114	0.00006	0	0.00000	0	0.00000
Deinococcus sp. QL22	2939437	S	0	0.00000	28	0.00003	0	0.00000	15	0.00001	0	0.00000	0	0.00000
Deinococcus sp. KNUC1210	2917691	S	0	0.00000	16	0.00001	0	0.00000	12	0.00001	0	0.00000	16	0.00001
Deinococcus aetherius	200252	S	0	0.00000	90	0.00008	0	0.00000	47	0.00002	0	0.00000	0	0.00000
Deinococcus metallilatus	1211322	S	0	0.00000	68	0.00006	0	0.00000	0	0.00000	0	0.00000	0	0.00000
Deinococcus wulumuqiensis	980427	S	0	0.00000	35	0.00003	0	0.00000	131	0.00007	0	0.00000	0	0.00000
Deinococcus ficus	317577	S	0	0.00000	13	0.00001	0	0.00000	12	0.00001	0	0.00000	25	0.00001
Deinococcus psychrotolerans	2489213	S	0	0.00000	11	0.00001	0	0.00000	16	0.00001	0	0.00000	0	0.00000
Thermus thermophilus	274	S	0	0.00000	33	0.00003	0	0.00000	26	0.00001	0	0.00000	0	0.00000
Meiothermus taiwanensis	172827	S	0	0.00000	11	0.00001	0	0.00000	0	0.00000	0	0.00000	0	0.00000
Leptolyngbya boryana	1184	S	0	0.00000	1245	0.00113	0	0.00000	420	0.00021	0	0.00000	1585	0.00072
Allocoleopsis franciscana	2886352	S	0	0.00000	115	0.00010	0	0.00000	79	0.00004	0	0.00000	111	0.00005
Nostoc sp. C052	2576902	S	0	0.00000	20	0.00002	0	0.00000	14	0.00001	0	0.00000	16	0.00001
Nostoc commune	1178	S	0	0.00000	11	0.00001	0	0.00000	0	0.00000	0	0.00000	0	0.00000
Anabaena sp. PCC 7938	1296340	S	0	0.00000	17	0.00002	0	0.00000	0	0.00000	0	0.00000	40	0.00002
Acaryochloris marina	155978	S	0	0.00000	16	0.00001	0	0.00000	0	0.00000	0	0.00000	13	0.00001
Mycoplasmopsis gallopavonis	76629	S	0	0.00000	561	0.00051	0	0.00000	149	0.00007	0	0.00000	0	0.00000
Mycoplasmopsis cynos	171284	S	0	0.00000	109	0.00010	0	0.00000	84	0.00004	0	0.00000	35	0.00002
Metamycoplasma salivarium	2124	S	0	0.00000	290	0.00026	0	0.00000	72	0.00004	0	0.00000	77	0.00004
Mesomycoplasma hyorhinis	2100	S	0	0.00000	432	0.00039	0	0.00000	303	0.00015	0	0.00000	364	0.00017
Thermomicrobium roseum	500	S	0	0.00000	62	0.00006	0	0.00000	18	0.00001	0	0.00000	14	0.00001
Escherichia fergusonii	564	S	0	0.00000	153	0.00014	0	0.00000	87	0.00004	38	0.00050	3355	0.00153
Escherichia albertii	208962	S	0	0.00000	29	0.00003	0	0.00000	0	0.00000	0	0.00000	139	0.00006
Klebsiella oxytoca	571	S	0	0.00000	1308	0.00119	0	0.00000	47	0.00002	18	0.00024	3871	0.00177
Klebsiella quasipneumoniae	1463165	S	0	0.00000	215	0.00020	0	0.00000	0	0.00000	0	0.00000	52	0.00002
Klebsiella michiganensis	1134687	S	0	0.00000	127	0.00012	0	0.00000	56	0.00003	0	0.00000	130	0.00006
Raoultella ornithinolytica	54291	S	0	0.00000	55	0.00005	0	0.00000	0	0.00000	0	0.00000	0	0.00000
Raoultella sp. HC6	2923366	S	0	0.00000	12	0.00001	0	0.00000	0	0.00000	0	0.00000	0	0.00000
Enterobacter hormaechei	158836	S	0	0.00000	808	0.00073	535	0.01805	2679	0.00134	68	0.00090	5638	0.00257
Enterobacter asburiae	61645	S	0	0.00000	172	0.00016	0	0.00000	48	0.00002	0	0.00000	52	0.00002
Enterobacter cloacae	550	S	0	0.00000	112	0.00010	212	0.00715	615	0.00031	26	0.00034	2058	0.00094
Enterobacter ludwigii	299767	S	0	0.00000	15	0.00001	0	0.00000	130	0.00006	0	0.00000	22	0.00001
Enterobacter roggenkampii	1812935	S	0	0.00000	17	0.00002	0	0.00000	34	0.00002	0	0.00000	587	0.00027
Enterobacter sp. LU1	1848517	S	0	0.00000	15	0.00001	25	0.00084	90	0.00004	0	0.00000	507	0.00023
Salmonella enterica	28901	S	0	0.00000	494	0.00045	0	0.00000	1826	0.00091	0	0.00000	1108	0.00051
Leclercia adecarboxylata	83655	S	0	0.00000	74	0.00007	0	0.00000	0	0.00000	0	0.00000	0	0.00000
Citrobacter freundii	546	S	0	0.00000	54	0.00005	0	0.00000	485	0.00024	0	0.00000	220	0.00010
Shigella flexneri	623	S	0	0.00000	71	0.00006	0	0.00000	0	0.00000	0	0.00000	213	0.00010
Phytobacter diazotrophicus	395631	S	0	0.00000	16	0.00001	0	0.00000	0	0.00000	0	0.00000	0	0.00000
Serratia marcescens	615	S	0	0.00000	566	0.00051	0	0.00000	399	0.00020	0	0.00000	238	0.00011
Serratia ureilytica	300181	S	0	0.00000	179	0.00016	0	0.00000	0	0.00000	0	0.00000	0	0.00000
Rahnella aquatilis	34038	S	0	0.00000	43	0.00004	0	0.00000	0	0.00000	0	0.00000	0	0.00000
Rahnella aceris	2703885	S	0	0.00000	42	0.00004	0	0.00000	25	0.00001	0	0.00000	19	0.00001
Yersinia pestis	632	S	0	0.00000	26	0.00002	0	0.00000	32	0.00002	0	0.00000	61	0.00003
Proteus mirabilis	584	S	0	0.00000	309	0.00028	0	0.00000	231	0.00012	0	0.00000	288	0.00013
Providencia rettgeri	587	S	0	0.00000	28	0.00003	0	0.00000	0	0.00000	0	0.00000	18	0.00001
Providencia alcalifaciens	126385	S	0	0.00000	17	0.00002	0	0.00000	0	0.00000	0	0.00000	29	0.00001
Pantoea sp. At-9b	592316	S	0	0.00000	14	0.00001	0	0.00000	0	0.00000	0	0.00000	20	0.00001
Pantoea phytobeneficialis	2052056	S	0	0.00000	19	0.00002	0	0.00000	0	0.00000	0	0.00000	0	0.00000
Pantoea agglomerans	549	S	0	0.00000	53	0.00005	0	0.00000	164	0.00008	0	0.00000	121	0.00006
Pantoea piersonii	2364647	S	0	0.00000	43	0.00004	0	0.00000	0	0.00000	0	0.00000	0	0.00000
Amphritea japonica	452627	S	0	0.00000	1587	0.00144	0	0.00000	488	0.00024	0	0.00000	879	0.00040
Halomonas sp. PA16-9	2576841	S	0	0.00000	133	0.00012	0	0.00000	46	0.00002	0	0.00000	11	0.00001
Pseudomonas aeruginosa	287	S	0	0.00000	1037	0.00094	0	0.00000	335	0.00017	0	0.00000	700	0.00032
Pseudomonas nitroreducens	46680	S	0	0.00000	45	0.00004	0	0.00000	19	0.00001	0	0.00000	10	0.00000
Pseudomonas sp. A2	107445	S	0	0.00000	73	0.00007	0	0.00000	0	0.00000	0	0.00000	0	0.00000
Pseudomonas syringae	317	S	0	0.00000	58	0.00005	0	0.00000	57	0.00003	0	0.00000	20	0.00001
Pseudomonas amygdali	47877	S	0	0.00000	24	0.00002	0	0.00000	0	0.00000	0	0.00000	0	0.00000
Pseudomonas putida	303	S	0	0.00000	24	0.00002	0	0.00000	0	0.00000	0	0.00000	116	0.00005
Pseudomonas chlororaphis	587753	S	0	0.00000	16	0.00001	0	0.00000	14	0.00001	0	0.00000	0	0.00000
Stutzerimonas stutzeri	316	S	0	0.00000	67	0.00006	0	0.00000	26	0.00001	0	0.00000	404	0.00018
Aeromonas caviae	648	S	0	0.00000	614	0.00056	0	0.00000	825	0.00041	0	0.00000	1325	0.00061
Aeromonas salmonicida	645	S	0	0.00000	255	0.00023	0	0.00000	264	0.00013	0	0.00000	578	0.00026
Xanthomonas citri	346	S	0	0.00000	573	0.00052	0	0.00000	344	0.00017	0	0.00000	226	0.00010
Xanthomonas translucens	343	S	0	0.00000	117	0.00011	0	0.00000	56	0.00003	0	0.00000	23	0.00001
Xanthomonas sacchari	56458	S	0	0.00000	39	0.00004	0	0.00000	13	0.00001	0	0.00000	37	0.00002
Stenotrophomonas maltophilia	40324	S	0	0.00000	51	0.00005	0	0.00000	19	0.00001	0	0.00000	289	0.00013
Acinetobacter baumannii	470	S	0	0.00000	499	0.00045	0	0.00000	175	0.00009	0	0.00000	361	0.00016
Acinetobacter variabilis	70346	S	0	0.00000	58	0.00005	0	0.00000	0	0.00000	0	0.00000	0	0.00000
Acinetobacter cumulans	2136182	S	0	0.00000	44	0.00004	0	0.00000	0	0.00000	0	0.00000	0	0.00000
Acinetobacter lwoffii	28090	S	0	0.00000	17	0.00002	0	0.00000	0	0.00000	0	0.00000	0	0.00000
Acinetobacter pseudolwoffii	2053287	S	0	0.00000	10	0.00001	0	0.00000	0	0.00000	0	0.00000	0	0.00000
Candidatus Enterovibrio luxaltus	1927128	S	0	0.00000	157	0.00014	0	0.00000	10	0.00000	0	0.00000	0	0.00000
Vibrio sp. THAF190c	2587865	S	0	0.00000	116	0.00011	0	0.00000	49	0.00002	0	0.00000	21	0.00001
Photobacterium sp. DA100	3027472	S	0	0.00000	30	0.00003	0	0.00000	21	0.00001	0	0.00000	0	0.00000
Photobacterium damselae	38293	S	0	0.00000	22	0.00002	0	0.00000	0	0.00000	0	0.00000	36	0.00002
Salinivibrio kushneri	1908198	S	0	0.00000	11	0.00001	0	0.00000	0	0.00000	0	0.00000	0	0.00000
Legionella adelaidensis	45056	S	0	0.00000	221	0.00020	0	0.00000	99	0.00005	0	0.00000	147	0.00007
Legionella pneumophila	446	S	0	0.00000	23	0.00002	0	0.00000	0	0.00000	0	0.00000	0	0.00000
Legionella lytica	96232	S	0	0.00000	13	0.00001	0	0.00000	0	0.00000	0	0.00000	0	0.00000
Shewanella xiamenensis	332186	S	0	0.00000	22	0.00002	0	0.00000	0	0.00000	0	0.00000	0	0.00000
Shewanella algae	38313	S	0	0.00000	20	0.00002	0	0.00000	41	0.00002	0	0.00000	114	0.00005
Pseudoalteromonas sp. THAF3	2587843	S	0	0.00000	17	0.00002	0	0.00000	0	0.00000	0	0.00000	0	0.00000
Pasteurella multocida	747	S	0	0.00000	55	0.00005	0	0.00000	35	0.00002	0	0.00000	326	0.00015
Piscirickettsia salmonis	1238	S	0	0.00000	29	0.00003	0	0.00000	17	0.00001	0	0.00000	46	0.00002
Methylomagnum ishizawai	1760988	S	0	0.00000	10	0.00001	0	0.00000	41	0.00002	0	0.00000	64	0.00003
Rhizobium sp. NLR16a	2731112	S	0	0.00000	168	0.00015	0	0.00000	110	0.00005	0	0.00000	41	0.00002
Rhizobium sp. TRM95796	2979862	S	0	0.00000	57	0.00005	0	0.00000	28	0.00001	0	0.00000	13	0.00001
Rhizobium sp. SSM4.3	2919917	S	0	0.00000	30	0.00003	0	0.00000	25	0.00001	0	0.00000	59	0.00003
Rhizobium sp. C104	2917727	S	0	0.00000	143	0.00013	0	0.00000	0	0.00000	0	0.00000	0	0.00000
Rhizobium sp. TRM96650	2979863	S	0	0.00000	23	0.00002	0	0.00000	44	0.00002	0	0.00000	0	0.00000
Rhizobium sp. TRM96647	2979861	S	0	0.00000	13	0.00001	0	0.00000	0	0.00000	0	0.00000	20	0.00001
Rhizobium sp. CB3171	3039157	S	0	0.00000	233	0.00021	0	0.00000	0	0.00000	0	0.00000	0	0.00000
Rhizobium sp. CB3090	3039156	S	0	0.00000	26	0.00002	0	0.00000	0	0.00000	0	0.00000	0	0.00000
Rhizobium sp. NZLR1	2731096	S	0	0.00000	21	0.00002	0	0.00000	42	0.00002	0	0.00000	0	0.00000
Rhizobium sp. BG4	2613770	S	0	0.00000	13	0.00001	0	0.00000	0	0.00000	0	0.00000	25	0.00001
Rhizobium sp. WYJ-E13	2849093	S	0	0.00000	10	0.00001	0	0.00000	0	0.00000	0	0.00000	10	0.00000
Rhizobium sp. 11515TR	2028343	S	0	0.00000	11	0.00001	0	0.00000	0	0.00000	0	0.00000	22	0.00001
Rhizobium sp. CC-CFT758	2926709	S	0	0.00000	15	0.00001	0	0.00000	0	0.00000	0	0.00000	0	0.00000
Rhizobium leguminosarum	384	S	0	0.00000	889	0.00081	0	0.00000	462	0.00023	0	0.00000	941	0.00043
Rhizobium binae	1138190	S	0	0.00000	214	0.00019	0	0.00000	0	0.00000	0	0.00000	0	0.00000
Rhizobium tumorigenes	2041385	S	0	0.00000	136	0.00012	0	0.00000	0	0.00000	0	0.00000	441	0.00020
Rhizobium rhododendri	2506430	S	0	0.00000	132	0.00012	0	0.00000	90	0.00004	0	0.00000	0	0.00000
Rhizobium phaseoli	396	S	0	0.00000	118	0.00011	0	0.00000	43	0.00002	0	0.00000	49	0.00002
Rhizobium jaguaris	1312183	S	0	0.00000	25	0.00002	0	0.00000	33	0.00002	0	0.00000	300	0.00014
Rhizobium tropici	398	S	0	0.00000	100	0.00009	0	0.00000	0	0.00000	0	0.00000	0	0.00000
Rhizobium lusitanum	293958	S	0	0.00000	19	0.00002	0	0.00000	0	0.00000	0	0.00000	0	0.00000
Rhizobium gallicum	56730	S	0	0.00000	49	0.00004	0	0.00000	0	0.00000	0	0.00000	186	0.00008
Rhizobium ruizarguesonis	2081791	S	0	0.00000	38	0.00003	0	0.00000	32	0.00002	0	0.00000	37	0.00002
Rhizobium anhuiense	1184720	S	0	0.00000	21	0.00002	0	0.00000	0	0.00000	0	0.00000	20	0.00001
Rhizobium sullae	50338	S	0	0.00000	14	0.00001	0	0.00000	22	0.00001	0	0.00000	0	0.00000
Rhizobium etli	29449	S	0	0.00000	17	0.00002	0	0.00000	46	0.00002	0	0.00000	28	0.00001
Rhizobium rhizoryzae	451876	S	0	0.00000	24	0.00002	0	0.00000	45	0.00002	0	0.00000	0	0.00000
Neorhizobium sp. EC2-8	3129230	S	0	0.00000	196	0.00018	0	0.00000	83	0.00004	0	0.00000	551	0.00025
Neorhizobium sp. SOG26	2060726	S	0	0.00000	134	0.00012	0	0.00000	101	0.00005	0	0.00000	0	0.00000
Neorhizobium galegae	399	S	0	0.00000	13	0.00001	0	0.00000	17	0.00001	0	0.00000	28	0.00001
Agrobacterium tumefaciens	358	S	0	0.00000	910	0.00083	0	0.00000	512	0.00026	0	0.00000	1854	0.00085
Agrobacterium vitis	373	S	0	0.00000	147	0.00013	0	0.00000	137	0.00007	0	0.00000	172	0.00008
Agrobacterium rubi	28099	S	0	0.00000	120	0.00011	0	0.00000	0	0.00000	0	0.00000	0	0.00000
Pararhizobium qamdonense	3031126	S	0	0.00000	27	0.00002	0	0.00000	18	0.00001	0	0.00000	16	0.00001
Pararhizobium sp. A13	3133975	S	0	0.00000	15	0.00001	0	0.00000	0	0.00000	0	0.00000	0	0.00000
Allorhizobium pseudoryzae	379684	S	0	0.00000	84	0.00008	0	0.00000	0	0.00000	0	0.00000	0	0.00000
Pseudorhizobium flavum	1335061	S	0	0.00000	89	0.00008	0	0.00000	0	0.00000	0	0.00000	0	0.00000
Shinella sp. PSBB067	2715959	S	0	0.00000	2412	0.00219	0	0.00000	618	0.00031	0	0.00000	768	0.00035
Shinella sp. HZN7	879274	S	0	0.00000	104	0.00009	0	0.00000	487	0.00024	0	0.00000	0	0.00000
Shinella oryzae	2871820	S	0	0.00000	326	0.00030	0	0.00000	56	0.00003	0	0.00000	30	0.00001
Shinella zoogloeoides	352475	S	0	0.00000	493	0.00045	0	0.00000	290	0.00014	0	0.00000	0	0.00000
Sinorhizobium sp. BG8	2613773	S	0	0.00000	51	0.00005	0	0.00000	21	0.00001	0	0.00000	0	0.00000
Sinorhizobium fredii	380	S	0	0.00000	203	0.00018	0	0.00000	171	0.00009	0	0.00000	64	0.00003
Sinorhizobium medicae	110321	S	0	0.00000	357	0.00032	0	0.00000	226	0.00011	0	0.00000	165	0.00008
Sinorhizobium americanum	194963	S	0	0.00000	60	0.00005	0	0.00000	0	0.00000	0	0.00000	0	0.00000
Sinorhizobium meliloti	382	S	0	0.00000	174	0.00016	0	0.00000	74	0.00004	0	0.00000	101	0.00005
Sinorhizobium chiapasense	501572	S	0	0.00000	34	0.00003	0	0.00000	15	0.00001	0	0.00000	0	0.00000
Sinorhizobium mexicanum	375549	S	0	0.00000	15	0.00001	0	0.00000	18	0.00001	0	0.00000	101	0.00005
Ensifer adhaerens	106592	S	0	0.00000	147	0.00013	0	0.00000	134	0.00007	0	0.00000	121	0.00006
Ensifer canadensis	555315	S	0	0.00000	43	0.00004	0	0.00000	23	0.00001	0	0.00000	90	0.00004
Ensifer sp. PDNC004	2811423	S	0	0.00000	26	0.00002	0	0.00000	18	0.00001	0	0.00000	17	0.00001
Ciceribacter thiooxidans	1969821	S	0	0.00000	21	0.00002	0	0.00000	29	0.00001	0	0.00000	30	0.00001
Peteryoungia desertarenae	1813451	S	0	0.00000	20	0.00002	0	0.00000	0	0.00000	0	0.00000	0	0.00000
Methylobacterium bullatum	570505	S	0	0.00000	233	0.00021	0	0.00000	123	0.00006	0	0.00000	46	0.00002
Methylobacterium aquaticum	270351	S	0	0.00000	228	0.00021	0	0.00000	79	0.00004	0	0.00000	65	0.00003
Microvirga roseola	2883126	S	0	0.00000	114	0.00010	0	0.00000	55	0.00003	0	0.00000	0	0.00000
Microvirga sp. VF16	2807101	S	0	0.00000	29	0.00003	0	0.00000	25	0.00001	0	0.00000	27	0.00001
Methylorubrum extorquens	408	S	0	0.00000	225	0.00020	0	0.00000	0	0.00000	0	0.00000	2267	0.00104
Mesorhizobium sp. AR07	2865838	S	0	0.00000	1372	0.00124	0	0.00000	322	0.00016	0	0.00000	944	0.00043
Mesorhizobium sp. B2-1-8	2589967	S	0	0.00000	52	0.00005	0	0.00000	48	0.00002	0	0.00000	0	0.00000
Mesorhizobium sp. INR15	2654248	S	0	0.00000	17	0.00002	0	0.00000	21	0.00001	0	0.00000	0	0.00000
Phyllobacterium sp. T1018	555316	S	0	0.00000	29	0.00003	0	0.00000	57	0.00003	0	0.00000	11	0.00001
Phyllobacterium sp. A18/5-2	2978392	S	0	0.00000	53	0.00005	0	0.00000	0	0.00000	0	0.00000	24	0.00001
Phyllobacterium sp. T1293	555317	S	0	0.00000	22	0.00002	0	0.00000	0	0.00000	0	0.00000	0	0.00000
Phyllobacterium zundukense	1867719	S	0	0.00000	23	0.00002	0	0.00000	22	0.00001	0	0.00000	60	0.00003
Nitratireductor sp. GZWM139	2950541	S	0	0.00000	43	0.00004	0	0.00000	0	0.00000	0	0.00000	34	0.00002
Bosea sp. RAC05	1842539	S	0	0.00000	123	0.00011	0	0.00000	27	0.00001	0	0.00000	0	0.00000
Bosea sp. Tri-49	1867715	S	0	0.00000	15	0.00001	0	0.00000	0	0.00000	0	0.00000	0	0.00000
Methylosinus sp. C49	2699395	S	0	0.00000	133	0.00012	0	0.00000	70	0.00003	0	0.00000	0	0.00000
Roseibium algicola	2857014	S	0	0.00000	92	0.00008	0	0.00000	33	0.00002	0	0.00000	0	0.00000
Afipia sp. NBIMC_P1-C1	1320552	S	0	0.00000	467	0.00042	0	0.00000	0	0.00000	0	0.00000	0	0.00000
Chelatococcus daeguensis	444444	S	0	0.00000	19	0.00002	0	0.00000	0	0.00000	0	0.00000	0	0.00000
Lichenihabitans psoromatis	2528642	S	0	0.00000	13	0.00001	0	0.00000	0	0.00000	0	0.00000	0	0.00000
Paracoccus pantotrophus	82367	S	0	0.00000	498	0.00045	0	0.00000	283	0.00014	0	0.00000	0	0.00000
Paracoccus versutus	34007	S	0	0.00000	746	0.00068	0	0.00000	286	0.00014	0	0.00000	290	0.00013
Paracoccus denitrificans	266	S	0	0.00000	125	0.00011	0	0.00000	243	0.00012	0	0.00000	169	0.00008
Paracoccus aminovorans	34004	S	0	0.00000	81	0.00007	0	0.00000	70	0.00003	0	0.00000	65	0.00003
Paracoccus liaowanqingii	2560053	S	0	0.00000	27	0.00002	0	0.00000	35	0.00002	0	0.00000	12	0.00001
Paracoccus alcaliphilus	34002	S	0	0.00000	29	0.00003	0	0.00000	0	0.00000	0	0.00000	0	0.00000
Paracoccus yeei	147645	S	0	0.00000	150	0.00014	0	0.00000	0	0.00000	0	0.00000	0	0.00000
Paracoccus seriniphilus	184748	S	0	0.00000	18	0.00002	0	0.00000	17	0.00001	0	0.00000	19	0.00001
Paracoccus sp. TOH	1263728	S	0	0.00000	22	0.00002	0	0.00000	55	0.00003	0	0.00000	51	0.00002
Paracoccus methylovorus	2812658	S	0	0.00000	10	0.00001	0	0.00000	0	0.00000	0	0.00000	0	0.00000
Tritonibacter mobilis	379347	S	0	0.00000	633	0.00057	0	0.00000	339	0.00017	0	0.00000	1946	0.00089
Paroceanicella profunda	2579971	S	0	0.00000	693	0.00063	0	0.00000	116	0.00006	0	0.00000	128	0.00006
Thioclava sp. GXIMD4215	3131928	S	0	0.00000	39	0.00004	0	0.00000	0	0.00000	0	0.00000	0	0.00000
Pacificitalea manganoxidans	1411902	S	0	0.00000	892	0.00081	0	0.00000	0	0.00000	0	0.00000	0	0.00000
Cereibacter sphaeroides	1063	S	0	0.00000	21	0.00002	0	0.00000	0	0.00000	0	0.00000	0	0.00000
Pseudorhodobacter turbinis	2500533	S	0	0.00000	23	0.00002	0	0.00000	19	0.00001	0	0.00000	62	0.00003
Aliiroseovarius crassostreae	154981	S	0	0.00000	13	0.00001	0	0.00000	0	0.00000	0	0.00000	0	0.00000
Roseicitreum antarcticum	564137	S	0	0.00000	13	0.00001	0	0.00000	0	0.00000	0	0.00000	0	0.00000
Haematobacter massiliensis	195105	S	0	0.00000	299	0.00027	0	0.00000	0	0.00000	0	0.00000	0	0.00000
Qingshengfaniella alkalisoli	2599296	S	0	0.00000	11	0.00001	0	0.00000	0	0.00000	0	0.00000	17	0.00001
Pseudosulfitobacter pseudonitzschiae	1402135	S	0	0.00000	2006	0.00182	0	0.00000	1082	0.00054	0	0.00000	496	0.00023
Leisingera thetidis	2930199	S	0	0.00000	51	0.00005	0	0.00000	0	0.00000	0	0.00000	0	0.00000
Ruegeria pomeroyi	89184	S	0	0.00000	10	0.00001	0	0.00000	0	0.00000	0	0.00000	0	0.00000
Salipiger abyssi	1250539	S	0	0.00000	1007	0.00091	0	0.00000	0	0.00000	0	0.00000	7170	0.00327
Salipiger sp. CCB-MM3	1792508	S	0	0.00000	10	0.00001	0	0.00000	0	0.00000	0	0.00000	0	0.00000
Phaeobacter inhibens	221822	S	0	0.00000	130	0.00012	0	0.00000	0	0.00000	0	0.00000	92	0.00004
Ketogulonicigenium vulgare	92945	S	0	0.00000	54	0.00005	0	0.00000	41	0.00002	0	0.00000	0	0.00000
Alloyangia pacifica	311180	S	0	0.00000	14	0.00001	0	0.00000	0	0.00000	0	0.00000	0	0.00000
Azospirillum brasilense	192	S	0	0.00000	732	0.00066	0	0.00000	238	0.00012	0	0.00000	629	0.00029
Azospirillum thermophilum	2202148	S	0	0.00000	427	0.00039	0	0.00000	218	0.00011	0	0.00000	392	0.00018
Azospirillum argentinense	2970906	S	0	0.00000	559	0.00051	0	0.00000	586	0.00029	0	0.00000	69	0.00003
Azospirillum sp. B510	137722	S	0	0.00000	61	0.00006	0	0.00000	97	0.00005	0	0.00000	125	0.00006
Azospirillum sp. TSH58	664962	S	0	0.00000	131	0.00012	0	0.00000	134	0.00007	0	0.00000	37	0.00002
Azospirillum oryzae	286727	S	0	0.00000	237	0.00021	0	0.00000	54	0.00003	0	0.00000	27	0.00001
Azospirillum ramasamyi	682998	S	0	0.00000	83	0.00008	0	0.00000	28	0.00001	0	0.00000	26	0.00001
Azospirillum lipoferum	193	S	0	0.00000	110	0.00010	0	0.00000	197	0.00010	0	0.00000	0	0.00000
Azospirillum humicireducens	1226968	S	0	0.00000	38	0.00003	0	0.00000	99	0.00005	0	0.00000	13	0.00001
Indioceanicola profundi	2220096	S	0	0.00000	358	0.00032	0	0.00000	0	0.00000	0	0.00000	532	0.00024
Niveispirillum cyanobacteriorum	1612173	S	0	0.00000	82	0.00007	0	0.00000	23	0.00001	0	0.00000	30	0.00001
Komagataeibacter xylinus	28448	S	0	0.00000	64	0.00006	0	0.00000	17	0.00001	0	0.00000	0	0.00000
Komagataeibacter intermedius	66229	S	0	0.00000	429	0.00039	0	0.00000	0	0.00000	0	0.00000	0	0.00000
Roseomonas mucosa	207340	S	0	0.00000	525	0.00048	0	0.00000	0	0.00000	0	0.00000	0	0.00000
Roseomonas gilardii	257708	S	0	0.00000	24	0.00002	0	0.00000	0	0.00000	0	0.00000	0	0.00000
Roseomonas marmotae	2768161	S	0	0.00000	11	0.00001	0	0.00000	0	0.00000	0	0.00000	198	0.00009
Oecophyllibacter saccharovorans	2558360	S	0	0.00000	146	0.00013	0	0.00000	0	0.00000	0	0.00000	0	0.00000
Thalassospira marina	2048283	S	0	0.00000	65	0.00006	0	0.00000	44	0.00002	0	0.00000	43	0.00002
Novosphingobium sp. ES2-1	2780074	S	0	0.00000	87	0.00008	0	0.00000	298	0.00015	0	0.00000	0	0.00000
Novosphingobium sp. RL4	3109595	S	0	0.00000	26	0.00002	0	0.00000	37	0.00002	0	0.00000	16	0.00001
Novosphingobium humi	2282397	S	0	0.00000	19	0.00002	0	0.00000	0	0.00000	0	0.00000	0	0.00000
Novosphingobium terrae	2726189	S	0	0.00000	19	0.00002	0	0.00000	13	0.00001	0	0.00000	16	0.00001
Novosphingobium pentaromativorans	205844	S	0	0.00000	60	0.00005	0	0.00000	0	0.00000	0	0.00000	0	0.00000
Novosphingobium resinovorum	158500	S	0	0.00000	141	0.00013	0	0.00000	0	0.00000	0	0.00000	200	0.00009
Novosphingobium capsulatum	13688	S	0	0.00000	129	0.00012	0	0.00000	0	0.00000	0	0.00000	0	0.00000
Sphingomonas taxi	1549858	S	0	0.00000	78	0.00007	0	0.00000	41	0.00002	0	0.00000	0	0.00000
Sphingobium sp. V4	3038927	S	0	0.00000	34	0.00003	0	0.00000	31	0.00002	0	0.00000	0	0.00000
Sphingobium chlorophenolicum	46429	S	0	0.00000	60	0.00005	0	0.00000	0	0.00000	0	0.00000	0	0.00000
Sphingopyxis indica	436663	S	0	0.00000	391	0.00035	0	0.00000	0	0.00000	0	0.00000	138	0.00006
Phenylobacterium zucineum	284016	S	0	0.00000	1445	0.00131	0	0.00000	136	0.00007	0	0.00000	117	0.00005
Caulobacter rhizosphaerae	2010972	S	0	0.00000	67	0.00006	0	0.00000	12	0.00001	0	0.00000	62	0.00003
Tistrella mobilis	171437	S	0	0.00000	272	0.00025	0	0.00000	91	0.00005	0	0.00000	21	0.00001
Burkholderia vietnamiensis	60552	S	0	0.00000	509	0.00046	0	0.00000	297	0.00015	0	0.00000	556	0.00025
Burkholderia arboris	488730	S	0	0.00000	167	0.00015	0	0.00000	31	0.00002	0	0.00000	35	0.00002
Burkholderia multivorans	87883	S	0	0.00000	55	0.00005	0	0.00000	0	0.00000	0	0.00000	32	0.00001
Burkholderia cenocepacia	95486	S	0	0.00000	59	0.00005	0	0.00000	240	0.00012	0	0.00000	109	0.00005
Burkholderia sp. JP2-270	2217913	S	0	0.00000	167	0.00015	0	0.00000	35	0.00002	0	0.00000	0	0.00000
Burkholderia sp. PAMC 26561	1795043	S	0	0.00000	33	0.00003	0	0.00000	0	0.00000	0	0.00000	162	0.00007
Ralstonia solanacearum	305	S	0	0.00000	350	0.00032	0	0.00000	153	0.00008	0	0.00000	186	0.00008
Ralstonia syzygii	28097	S	0	0.00000	155	0.00014	0	0.00000	102	0.00005	0	0.00000	374	0.00017
Ralstonia pseudosolanacearum	1310165	S	0	0.00000	48	0.00004	0	0.00000	0	0.00000	0	0.00000	183	0.00008
Ralstonia pickettii	329	S	0	0.00000	419	0.00038	0	0.00000	0	0.00000	0	0.00000	0	0.00000
Ralstonia sp. RRA.1	3122075	S	0	0.00000	54	0.00005	0	0.00000	467	0.00023	0	0.00000	418	0.00019
Cupriavidus taiwanensis	164546	S	0	0.00000	270	0.00024	0	0.00000	212	0.00011	0	0.00000	1093	0.00050
Cupriavidus metallidurans	119219	S	0	0.00000	442	0.00040	0	0.00000	262	0.00013	0	0.00000	0	0.00000
Cupriavidus sp. EM10	2839983	S	0	0.00000	75	0.00007	0	0.00000	0	0.00000	0	0.00000	59	0.00003
Cupriavidus campinensis	151783	S	0	0.00000	52	0.00005	0	0.00000	0	0.00000	0	0.00000	0	0.00000
Cupriavidus oxalaticus	96344	S	0	0.00000	30	0.00003	0	0.00000	0	0.00000	0	0.00000	56	0.00003
Cupriavidus necator	106590	S	0	0.00000	20	0.00002	0	0.00000	0	0.00000	0	0.00000	110	0.00005
Paraburkholderia sp. PGU19	2735434	S	0	0.00000	64	0.00006	0	0.00000	55	0.00003	0	0.00000	50	0.00002
Paraburkholderia caribensis	75105	S	0	0.00000	21	0.00002	0	0.00000	18	0.00001	0	0.00000	0	0.00000
Paraburkholderia aromaticivorans	2026199	S	0	0.00000	47	0.00004	0	0.00000	0	0.00000	0	0.00000	84	0.00004
Paraburkholderia phymatum	148447	S	0	0.00000	19	0.00002	0	0.00000	35	0.00002	0	0.00000	15	0.00001
Caballeronia sp. NK8	140098	S	0	0.00000	175	0.00016	0	0.00000	0	0.00000	0	0.00000	397	0.00018
Caballeronia sp. M1242	2814653	S	0	0.00000	98	0.00009	0	0.00000	55	0.00003	0	0.00000	14	0.00001
Variovorax sp. WDL1	207745	S	0	0.00000	322	0.00029	0	0.00000	171	0.00009	0	0.00000	172	0.00008
Variovorax sp. PDNC026	2811425	S	0	0.00000	25	0.00002	0	0.00000	0	0.00000	0	0.00000	0	0.00000
Variovorax paradoxus	34073	S	0	0.00000	157	0.00014	0	0.00000	200	0.00010	0	0.00000	236	0.00011
Comamonas odontotermitis	379895	S	0	0.00000	921	0.00084	0	0.00000	1082	0.00054	0	0.00000	276	0.00013
Roseateles sp. XES5	2877940	S	0	0.00000	71	0.00006	0	0.00000	53	0.00003	0	0.00000	0	0.00000
Mitsuaria sp. 7	1658665	S	0	0.00000	256	0.00023	0	0.00000	223	0.00011	0	0.00000	141	0.00006
Aquincola tertiaricarbonis	391953	S	0	0.00000	257	0.00023	0	0.00000	0	0.00000	0	0.00000	0	0.00000
Ideonella dechloratans	36863	S	0	0.00000	38	0.00003	0	0.00000	0	0.00000	0	0.00000	0	0.00000
Aquabacterium sp. OR-4	2978127	S	0	0.00000	18	0.00002	0	0.00000	15	0.00001	0	0.00000	0	0.00000
Chromobacterium amazonense	1382803	S	0	0.00000	982	0.00089	0	0.00000	727	0.00036	0	0.00000	437	0.00020
Neisseria gonorrhoeae	485	S	0	0.00000	246	0.00022	0	0.00000	295	0.00015	0	0.00000	176	0.00008
Acidithiobacillus sp. AMEEHan	2994951	S	0	0.00000	53	0.00005	0	0.00000	20	0.00001	0	0.00000	24	0.00001
Bacteroides sp. MSB163	3117552	S	0	0.00000	161	0.00015	0	0.00000	1314	0.00066	0	0.00000	0	0.00000
Bacteroides sp.	29523	S	0	0.00000	40	0.00004	0	0.00000	733	0.00037	373	0.00494	3294	0.00150
Bacteroides faecis	674529	S	0	0.00000	804	0.00073	219	0.00739	20230	0.01010	0	0.00000	2131	0.00097
Bacteroides zhangwenhongii	2650157	S	0	0.00000	852	0.00077	898	0.03030	27246	0.01360	148	0.00196	1010	0.00046
Bacteroides xylanisolvens	371601	S	0	0.00000	566	0.00051	0	0.00000	1116	0.00056	0	0.00000	0	0.00000
Bacteroides caccae	47678	S	0	0.00000	159	0.00014	0	0.00000	0	0.00000	0	0.00000	0	0.00000
Bacteroides cellulosilyticus	246787	S	0	0.00000	786	0.00071	0	0.00000	0	0.00000	0	0.00000	0	0.00000
Bacteroides salyersiae	291644	S	0	0.00000	16	0.00001	0	0.00000	152	0.00008	0	0.00000	53	0.00002
Phocaeicola sartorii	671267	S	0	0.00000	86	0.00008	0	0.00000	894	0.00045	0	0.00000	0	0.00000
Phocaeicola dorei	357276	S	0	0.00000	339	0.00031	0	0.00000	3083	0.00154	0	0.00000	0	0.00000
Segatella hominis	2518605	S	0	0.00000	2643	0.00240	50	0.00169	2656	0.00133	102	0.00135	1013	0.00046
Prevotella sp. oral taxon 299	652716	S	0	0.00000	989	0.00090	0	0.00000	3592	0.00179	0	0.00000	1749	0.00080
Prevotella nigrescens	28133	S	0	0.00000	235	0.00021	0	0.00000	2492	0.00124	0	0.00000	850	0.00039
Butyricimonas faecalis	2093856	S	0	0.00000	1082	0.00098	0	0.00000	4558	0.00228	0	0.00000	1004	0.00046
Muribaculum gordoncarteri	2530390	S	0	0.00000	175	0.00016	0	0.00000	572	0.00029	0	0.00000	151	0.00007
Alistipes indistinctus	626932	S	0	0.00000	96	0.00009	0	0.00000	85	0.00004	0	0.00000	11	0.00001
Porphyromonas gingivalis	837	S	0	0.00000	40	0.00004	0	0.00000	257	0.00013	0	0.00000	33	0.00002
Chryseobacterium panacisoli	1807141	S	0	0.00000	523	0.00047	0	0.00000	190	0.00009	0	0.00000	192	0.00009
Chryseobacterium sp. ERMR1:04	1705393	S	0	0.00000	26	0.00002	0	0.00000	0	0.00000	0	0.00000	0	0.00000
Riemerella anatipestifer	34085	S	0	0.00000	5557	0.00504	0	0.00000	142	0.00007	0	0.00000	4010	0.00183
Elizabethkingia miricola	172045	S	0	0.00000	10	0.00001	0	0.00000	33	0.00002	0	0.00000	24	0.00001
Christiangramia oceanisediminis	2920386	S	0	0.00000	180	0.00016	0	0.00000	393	0.00020	0	0.00000	236	0.00011
Flavobacterium limnophilum	3003262	S	0	0.00000	20	0.00002	0	0.00000	0	0.00000	0	0.00000	0	0.00000
Persicobacter psychrovividus	387638	S	0	0.00000	155	0.00014	0	0.00000	613	0.00031	0	0.00000	179	0.00008
Aureibacter tunicatorum	866807	S	0	0.00000	55	0.00005	0	0.00000	56	0.00003	0	0.00000	0	0.00000
Fulvitalea axinellae	1182444	S	0	0.00000	15	0.00001	0	0.00000	28	0.00001	0	0.00000	41	0.00002
Hymenobacter monticola	1705399	S	0	0.00000	29	0.00003	0	0.00000	345	0.00017	0	0.00000	43	0.00002
Hymenobacter cellulosilyticus	2932248	S	0	0.00000	18	0.00002	0	0.00000	0	0.00000	0	0.00000	0	0.00000
Hymenobacter sp. DG25B	1385664	S	0	0.00000	52	0.00005	0	0.00000	49	0.00002	0	0.00000	37	0.00002
Rufibacter tibetensis	512763	S	0	0.00000	31	0.00003	0	0.00000	0	0.00000	0	0.00000	0	0.00000
Flammeovirga kamogawensis	373891	S	0	0.00000	110	0.00010	0	0.00000	23	0.00001	0	0.00000	0	0.00000
Chondrinema litorale	2994555	S	0	0.00000	38	0.00003	0	0.00000	315	0.00016	0	0.00000	117	0.00005
Bernardetia sp. Wsw4-3y2	3127471	S	0	0.00000	16	0.00001	0	0.00000	28	0.00001	0	0.00000	82	0.00004
Pedobacter sp. BS3	2567937	S	0	0.00000	35	0.00003	0	0.00000	219	0.00011	0	0.00000	140	0.00006
Gemmatirosa kalamazoonensis	861299	S	0	0.00000	80	0.00007	0	0.00000	15	0.00001	0	0.00000	213	0.00010
Campylobacter hepaticus	1813019	S	0	0.00000	2363	0.00214	0	0.00000	860	0.00043	0	0.00000	60	0.00003
Sulfurovum mangrovi	2893889	S	0	0.00000	37	0.00003	0	0.00000	0	0.00000	0	0.00000	32	0.00001
Fusobacterium vincentii	155615	S	0	0.00000	2580	0.00234	0	0.00000	798	0.00040	0	0.00000	1088	0.00050
Fusobacterium animalis	76859	S	0	0.00000	71	0.00006	0	0.00000	0	0.00000	0	0.00000	0	0.00000
Cetobacterium somerae	188913	S	0	0.00000	207	0.00019	0	0.00000	66	0.00003	0	0.00000	181	0.00008
Ilyobacter polytropus	167642	S	0	0.00000	172	0.00016	0	0.00000	50	0.00002	0	0.00000	179	0.00008
Haliovirga abyssi	2996794	S	0	0.00000	56	0.00005	0	0.00000	0	0.00000	0	0.00000	155	0.00007
Nitratidesulfovibrio vulgaris	881	S	0	0.00000	67	0.00006	0	0.00000	15	0.00001	0	0.00000	10	0.00000
Solidesulfovibrio carbinoliphilus	345370	S	0	0.00000	11	0.00001	0	0.00000	0	0.00000	0	0.00000	0	0.00000
Geoalkalibacter subterraneus	483547	S	0	0.00000	20	0.00002	0	0.00000	87	0.00004	0	0.00000	84	0.00004
Treponema saccharophilum	165	S	0	0.00000	52	0.00005	0	0.00000	25	0.00001	0	0.00000	20	0.00001
Tautonia plasticadhaerens	2527974	S	0	0.00000	34	0.00003	0	0.00000	0	0.00000	0	0.00000	46	0.00002
Halomicrobium urmianum	1586233	S	0	0.00000	607	0.00055	0	0.00000	101	0.00005	0	0.00000	0	0.00000
Halomarina sp. BND7	2961599	S	0	0.00000	182	0.00017	0	0.00000	56	0.00003	0	0.00000	0	0.00000
Halomarina sp. BCD28	2961595	S	0	0.00000	38	0.00003	0	0.00000	0	0.00000	0	0.00000	0	0.00000
Halorhabdus sp. CBA1104	1380432	S	0	0.00000	93	0.00008	0	0.00000	103	0.00005	0	0.00000	0	0.00000
Halorhabdus utahensis	146826	S	0	0.00000	84	0.00008	0	0.00000	0	0.00000	0	0.00000	271	0.00012
Haloarcula ordinaria	3033390	S	0	0.00000	79	0.00007	0	0.00000	0	0.00000	0	0.00000	0	0.00000
Haloarcula litorea	3032579	S	0	0.00000	108	0.00010	0	0.00000	0	0.00000	0	0.00000	0	0.00000
Halococcoides cellulosivorans	1679096	S	0	0.00000	90	0.00008	0	0.00000	42	0.00002	0	0.00000	0	0.00000
Haloglomus salinum	2962673	S	0	0.00000	43	0.00004	0	0.00000	29	0.00001	0	0.00000	19	0.00001
Haloglomus litoreum	3034026	S	0	0.00000	20	0.00002	0	0.00000	0	0.00000	0	0.00000	11	0.00001
Halosimplex aquaticum	3026162	S	0	0.00000	638	0.00058	0	0.00000	0	0.00000	0	0.00000	220	0.00010
Natronomonas pharaonis	2257	S	0	0.00000	17	0.00002	0	0.00000	0	0.00000	0	0.00000	0	0.00000
Natronomonas salina	1710540	S	0	0.00000	17	0.00002	0	0.00000	0	0.00000	0	0.00000	0	0.00000
Natronomonas gomsonensis	1046043	S	0	0.00000	233	0.00021	0	0.00000	430	0.00021	0	0.00000	117	0.00005
Salinirubellus salinus	1364945	S	0	0.00000	111	0.00010	0	0.00000	0	0.00000	0	0.00000	0	0.00000
Salinibaculum sp. KK48	3058903	S	0	0.00000	45	0.00004	0	0.00000	12	0.00001	0	0.00000	0	0.00000
Salinibaculum sp. SYNS191	3131993	S	0	0.00000	129	0.00012	0	0.00000	63	0.00003	0	0.00000	59	0.00003
Halapricum desulfuricans	2841257	S	0	0.00000	34	0.00003	0	0.00000	68	0.00003	0	0.00000	84	0.00004
Halapricum salinum	1457250	S	0	0.00000	36	0.00003	0	0.00000	35	0.00002	0	0.00000	0	0.00000
Halorientalis litorea	2931977	S	0	0.00000	654	0.00059	0	0.00000	390	0.00019	0	0.00000	0	0.00000
Halorientalis marina	2931976	S	0	0.00000	336	0.00030	0	0.00000	0	0.00000	0	0.00000	0	0.00000
Halorarius halobius	2962671	S	0	0.00000	169	0.00015	0	0.00000	0	0.00000	0	0.00000	370	0.00017
Halorarius litoreus	2962676	S	0	0.00000	82	0.00007	0	0.00000	0	0.00000	0	0.00000	37	0.00002
Halomicroarcula sp. SYNS111	3033392	S	0	0.00000	194	0.00018	0	0.00000	150	0.00007	0	0.00000	0	0.00000
Halocatena marina	2934937	S	0	0.00000	15	0.00001	0	0.00000	25	0.00001	0	0.00000	14	0.00001
Halobaculum sp. YSMS11	3031916	S	0	0.00000	82	0.00007	0	0.00000	59	0.00003	0	0.00000	0	0.00000
Halobaculum sp. XH14	3075121	S	0	0.00000	98	0.00009	0	0.00000	0	0.00000	0	0.00000	862	0.00039
Halobaculum sp. DT31	3032001	S	0	0.00000	27	0.00002	0	0.00000	0	0.00000	0	0.00000	0	0.00000
Halobaculum magnesiiphilum	1017351	S	0	0.00000	171	0.00016	0	0.00000	0	0.00000	0	0.00000	0	0.00000
Haloplanus sp. GDY1	2949993	S	0	0.00000	110	0.00010	0	0.00000	0	0.00000	0	0.00000	0	0.00000
Haloplanus sp. HW8-1	2949995	S	0	0.00000	295	0.00027	0	0.00000	151	0.00008	0	0.00000	0	0.00000
Haloplanus rubicundus	1547898	S	0	0.00000	78	0.00007	0	0.00000	61	0.00003	0	0.00000	0	0.00000
Haloferax mediterranei	2252	S	0	0.00000	134	0.00012	0	0.00000	63	0.00003	0	0.00000	28	0.00001
Haloferax volcanii	2246	S	0	0.00000	111	0.00010	0	0.00000	0	0.00000	0	0.00000	0	0.00000
Haloferax gibbonsii	35746	S	0	0.00000	13	0.00001	0	0.00000	0	0.00000	0	0.00000	0	0.00000
Halorubrum lacusprofundi	2247	S	0	0.00000	113	0.00010	0	0.00000	0	0.00000	0	0.00000	0	0.00000
Haloprofundus sp. MHR1	2572921	S	0	0.00000	89	0.00008	0	0.00000	0	0.00000	0	0.00000	0	0.00000
Salinigranum rubrum	755307	S	0	0.00000	52	0.00005	0	0.00000	27	0.00001	0	0.00000	37	0.00002
Salinigranum marinum	1515595	S	0	0.00000	14	0.00001	0	0.00000	0	0.00000	0	0.00000	11	0.00001
Halolamina sp. CBA1230	1853690	S	0	0.00000	175	0.00016	0	0.00000	0	0.00000	0	0.00000	83	0.00004
Halohasta litchfieldiae	1073996	S	0	0.00000	92	0.00008	0	0.00000	0	0.00000	0	0.00000	0	0.00000
Natrinema longum	370324	S	0	0.00000	86	0.00008	0	0.00000	0	0.00000	0	0.00000	0	0.00000
Natrinema sp. DC36	2878680	S	0	0.00000	56	0.00005	0	0.00000	0	0.00000	0	0.00000	40	0.00002
Natrinema sp. J7-2	406552	S	0	0.00000	39	0.00004	0	0.00000	0	0.00000	0	0.00000	0	0.00000
Salinilacihabitans rarus	2961596	S	0	0.00000	183	0.00017	0	0.00000	49	0.00002	0	0.00000	105	0.00005
Natronococcus sp. CG52	2951804	S	0	0.00000	35	0.00003	0	0.00000	0	0.00000	0	0.00000	0	0.00000
Natronococcus sp. AD-5	3068275	S	0	0.00000	26	0.00002	0	0.00000	0	0.00000	0	0.00000	21	0.00001
Natronococcus occultus	29288	S	0	0.00000	38	0.00003	0	0.00000	0	0.00000	0	0.00000	44	0.00002
Halovivax cerinus	1487865	S	0	0.00000	25	0.00002	0	0.00000	0	0.00000	0	0.00000	31	0.00001
Halovivax gelatinilyticus	2961597	S	0	0.00000	17	0.00002	0	0.00000	16	0.00001	0	0.00000	0	0.00000
Haloterrigena sp. KLK7	3132747	S	0	0.00000	30	0.00003	0	0.00000	51	0.00003	0	0.00000	0	0.00000
Haloterrigena turkmenica	62320	S	0	0.00000	16	0.00001	0	0.00000	0	0.00000	0	0.00000	0	0.00000
Natrarchaeobaculum sulfurireducens	2044521	S	0	0.00000	39	0.00004	0	0.00000	0	0.00000	0	0.00000	274	0.00013
Natronorubrum bangense	61858	S	0	0.00000	40	0.00004	0	0.00000	0	0.00000	0	0.00000	54	0.00002
Natronobeatus ordinarius	2963433	S	0	0.00000	47	0.00004	0	0.00000	38	0.00002	0	0.00000	0	0.00000
Natribaculum luteum	1586232	S	0	0.00000	41	0.00004	0	0.00000	0	0.00000	0	0.00000	0	0.00000
Halobiforma lacisalsi	229731	S	0	0.00000	41	0.00004	0	0.00000	0	0.00000	0	0.00000	0	0.00000
Natrononativus amylolyticus	2963434	S	0	0.00000	16	0.00001	0	0.00000	0	0.00000	0	0.00000	0	0.00000
Natrialba magadii	13769	S	0	0.00000	17	0.00002	0	0.00000	0	0.00000	0	0.00000	0	0.00000
Halorussus halophilus	2650975	S	0	0.00000	72	0.00007	0	0.00000	58	0.00003	0	0.00000	0	0.00000
Halorussus vallis	2953749	S	0	0.00000	410	0.00037	0	0.00000	0	0.00000	0	0.00000	1709	0.00078
Halorussus caseinilyticus	3034025	S	0	0.00000	32	0.00003	0	0.00000	0	0.00000	0	0.00000	0	0.00000
Halorussus limi	2938695	S	0	0.00000	241	0.00022	0	0.00000	0	0.00000	0	0.00000	0	0.00000
Halorussus salilacus	2953750	S	0	0.00000	1140	0.00103	0	0.00000	0	0.00000	0	0.00000	764	0.00035
Haladaptatus sp. DJG-WS-42	3120516	S	0	0.00000	61	0.00006	0	0.00000	0	0.00000	0	0.00000	0	0.00000
Haladaptatus caseinilyticus	2993314	S	0	0.00000	23	0.00002	0	0.00000	0	0.00000	0	0.00000	12	0.00001
Halomicrococcus gelatinilyticus	1702103	S	0	0.00000	56	0.00005	0	0.00000	0	0.00000	0	0.00000	0	0.00000
Halococcus dombrowskii	179637	S	0	0.00000	175	0.00016	0	0.00000	0	0.00000	0	0.00000	17	0.00001
Halalkalicoccus jeotgali	413810	S	0	0.00000	100	0.00009	0	0.00000	0	0.00000	0	0.00000	0	0.00000
Halalkalicoccus sp. FCH27	3117459	S	0	0.00000	18	0.00002	0	0.00000	30	0.00001	0	0.00000	16	0.00001
Halobacterium litoreum	2039234	S	0	0.00000	40	0.00004	0	0.00000	34	0.00002	0	0.00000	0	0.00000
Halobacterium hubeiense	1407499	S	0	0.00000	264	0.00024	0	0.00000	0	0.00000	0	0.00000	97	0.00004
Halobacterium zhouii	2902624	S	0	0.00000	330	0.00030	0	0.00000	0	0.00000	0	0.00000	0	0.00000
Halodesulfurarchaeum formicicum	1873524	S	0	0.00000	36	0.00003	0	0.00000	29	0.00001	0	0.00000	0	0.00000
Halospeciosus flavus	3032283	S	0	0.00000	278	0.00025	0	0.00000	0	0.00000	0	0.00000	0	0.00000
Salarchaeum sp. JOR-1	2599399	S	0	0.00000	39	0.00004	0	0.00000	0	0.00000	0	0.00000	23	0.00001
Salinarchaeum laminariae	869888	S	0	0.00000	21	0.00002	0	0.00000	0	0.00000	0	0.00000	0	0.00000
Methanolobus sediminis	3072978	S	0	0.00000	258	0.00023	0	0.00000	72	0.00004	0	0.00000	310	0.00014
Methanolobus zinderi	536044	S	0	0.00000	235	0.00021	0	0.00000	72	0.00004	0	0.00000	233	0.00011
uncultured Methanolobus sp.	218300	S	0	0.00000	168	0.00015	0	0.00000	185	0.00009	0	0.00000	147	0.00007
Methanolobus sp. WCC4	3125784	S	0	0.00000	92	0.00008	0	0.00000	76	0.00004	0	0.00000	188	0.00009
Methanolobus sp. ZRKC5	3136295	S	0	0.00000	27	0.00002	0	0.00000	140	0.00007	0	0.00000	27	0.00001
Methanolobus mangrovi	3072977	S	0	0.00000	60	0.00005	0	0.00000	75	0.00004	0	0.00000	0	0.00000
Methanosarcina sp. MTP4	1434100	S	0	0.00000	81	0.00007	0	0.00000	23	0.00001	0	0.00000	33	0.00002
Methanosarcina sp. Kolksee	1434099	S	0	0.00000	254	0.00023	0	0.00000	0	0.00000	0	0.00000	0	0.00000
Methanosarcina barkeri	2208	S	0	0.00000	51	0.00005	0	0.00000	67	0.00003	0	0.00000	41	0.00002
Methanosarcina thermophila	2210	S	0	0.00000	64	0.00006	0	0.00000	153	0.00008	0	0.00000	182	0.00008
Methanosarcina mazei	2209	S	0	0.00000	50	0.00005	0	0.00000	121	0.00006	0	0.00000	44	0.00002
Methanosarcina lacustris	170861	S	0	0.00000	34	0.00003	0	0.00000	0	0.00000	0	0.00000	28	0.00001
Methanosarcina horonobensis	418008	S	0	0.00000	15	0.00001	0	0.00000	0	0.00000	0	0.00000	42	0.00002
Methanosarcina siciliae	38027	S	0	0.00000	17	0.00002	0	0.00000	0	0.00000	0	0.00000	13	0.00001
Methanohalophilus mahii	2176	S	0	0.00000	875	0.00079	0	0.00000	0	0.00000	0	0.00000	282	0.00013
Methanohalobium evestigatum	2322	S	0	0.00000	223	0.00020	0	0.00000	28	0.00001	0	0.00000	139	0.00006
Methanococcoides methylutens	2226	S	0	0.00000	183	0.00017	0	0.00000	70	0.00003	0	0.00000	110	0.00005
Methanococcoides orientis	2822137	S	0	0.00000	62	0.00006	0	0.00000	40	0.00002	0	0.00000	168	0.00008
Methanococcoides burtonii	29291	S	0	0.00000	39	0.00004	0	0.00000	22	0.00001	0	0.00000	26	0.00001
Methanimicrococcus stummii	3028294	S	0	0.00000	255	0.00023	0	0.00000	280	0.00014	0	0.00000	119	0.00005
Methanimicrococcus hongohii	3028295	S	0	0.00000	166	0.00015	0	0.00000	82	0.00004	0	0.00000	19	0.00001
Methanosalsum zhilinae	39669	S	0	0.00000	139	0.00013	0	0.00000	0	0.00000	0	0.00000	161	0.00007
Methanomethylovorans hollandica	101192	S	0	0.00000	37	0.00003	0	0.00000	50	0.00002	0	0.00000	0	0.00000
uncultured Methanomethylovorans sp.	183759	S	0	0.00000	28	0.00003	0	0.00000	62	0.00003	0	0.00000	113	0.00005
Methanolapillus millepedarum	3028296	S	0	0.00000	169	0.00015	0	0.00000	0	0.00000	0	0.00000	256	0.00012
Methanoplanus sp. FWC-SCC4	2609417	S	0	0.00000	411	0.00037	0	0.00000	219	0.00011	0	0.00000	154	0.00007
Methanoplanus limicola	2315	S	0	0.00000	140	0.00013	0	0.00000	32	0.00002	0	0.00000	40	0.00002
Methanoplanus endosymbiosus	33865	S	0	0.00000	27	0.00002	0	0.00000	78	0.00004	0	0.00000	34	0.00002
Methanofollis formosanus	299308	S	0	0.00000	79	0.00007	0	0.00000	0	0.00000	0	0.00000	0	0.00000
Methanofollis aquaemaris	126734	S	0	0.00000	37	0.00003	0	0.00000	22	0.00001	0	0.00000	38	0.00002
Methanofollis liminatans	2201	S	0	0.00000	43	0.00004	0	0.00000	33	0.00002	0	0.00000	59	0.00003
Methanolacinia petrolearia	54120	S	0	0.00000	184	0.00017	0	0.00000	80	0.00004	0	0.00000	16	0.00001
Methanoculleus bourgensis	83986	S	0	0.00000	37	0.00003	0	0.00000	17	0.00001	0	0.00000	21	0.00001
Methanoculleus chikugoensis	118126	S	0	0.00000	76	0.00007	0	0.00000	36	0.00002	0	0.00000	36	0.00002
Methanomicrobium antiquum	487686	S	0	0.00000	153	0.00014	0	0.00000	325	0.00016	0	0.00000	93	0.00004
Methanogenium sp. S4BF	1789226	S	0	0.00000	47	0.00004	0	0.00000	46	0.00002	0	0.00000	599	0.00027
Methanocorpusculum labreanum	83984	S	0	0.00000	237	0.00021	0	0.00000	79	0.00004	0	0.00000	51	0.00002
uncultured Methanocorpusculum sp.	176309	S	0	0.00000	43	0.00004	0	0.00000	70	0.00003	0	0.00000	51	0.00002
uncultured Methanoregula sp.	1005933	S	0	0.00000	174	0.00016	0	0.00000	103	0.00005	0	0.00000	60	0.00003
Methanoregula formicica	882104	S	0	0.00000	58	0.00005	0	0.00000	78	0.00004	0	0.00000	153	0.00007
Methanoregula boonei	358766	S	0	0.00000	19	0.00002	0	0.00000	21	0.00001	0	0.00000	0	0.00000
Methanospirillum hungatei	2203	S	0	0.00000	96	0.00009	0	0.00000	41	0.00002	0	0.00000	125	0.00006
uncultured Methanospirillum sp.	262503	S	0	0.00000	44	0.00004	0	0.00000	90	0.00004	0	0.00000	32	0.00001
Methanocella paludicola	570267	S	0	0.00000	99	0.00009	0	0.00000	63	0.00003	0	0.00000	18	0.00001
Methanocella arvoryzae	1175445	S	0	0.00000	23	0.00002	0	0.00000	15	0.00001	0	0.00000	381	0.00017
Methanothrix harundinacea	301375	S	0	0.00000	50	0.00005	0	0.00000	105	0.00005	0	0.00000	18	0.00001
Methanobrevibacter smithii	2173	S	0	0.00000	1216	0.00110	0	0.00000	94	0.00005	0	0.00000	72	0.00003
Methanobrevibacter olleyae	294671	S	0	0.00000	567	0.00051	0	0.00000	92	0.00005	0	0.00000	115	0.00005
Methanobrevibacter sp. YE315	1609968	S	0	0.00000	122	0.00011	0	0.00000	45	0.00002	0	0.00000	192	0.00009
Methanobrevibacter sp. AbM4	224719	S	0	0.00000	65	0.00006	0	0.00000	41	0.00002	0	0.00000	48	0.00002
Methanobrevibacter sp. TLL-48-HuF1	2870563	S	0	0.00000	57	0.00005	0	0.00000	0	0.00000	0	0.00000	51	0.00002
Methanobrevibacter ruminantium	83816	S	0	0.00000	275	0.00025	0	0.00000	129	0.00006	0	0.00000	569	0.00026
Methanobrevibacter arboriphilus	39441	S	0	0.00000	329	0.00030	0	0.00000	99	0.00005	0	0.00000	591	0.00027
Methanobrevibacter millerae	230361	S	0	0.00000	39	0.00004	0	0.00000	51	0.00003	0	0.00000	76	0.00003
Methanosphaera stadtmanae	2317	S	0	0.00000	1129	0.00102	0	0.00000	58	0.00003	0	0.00000	54	0.00002
Methanosphaera sp. ISO3-F5	1452353	S	0	0.00000	22	0.00002	0	0.00000	41	0.00002	0	0.00000	43	0.00002
Methanosphaera sp. BMS	1789762	S	0	0.00000	38	0.00003	0	0.00000	0	0.00000	0	0.00000	26	0.00001
Methanobacterium alkalithermotolerans	2731220	S	0	0.00000	51	0.00005	0	0.00000	22	0.00001	0	0.00000	30	0.00001
Methanobacterium petrolearium	710190	S	0	0.00000	302	0.00027	0	0.00000	107	0.00005	0	0.00000	0	0.00000
uncultured Methanobacterium sp.	176306	S	0	0.00000	67	0.00006	0	0.00000	70	0.00003	0	0.00000	60	0.00003
Methanobacterium paludis	868131	S	0	0.00000	31	0.00003	0	0.00000	12	0.00001	0	0.00000	0	0.00000
Methanobacterium lacus	877455	S	0	0.00000	13	0.00001	0	0.00000	0	0.00000	0	0.00000	0	0.00000
Methanothermobacter thermautotrophicus	145262	S	0	0.00000	26	0.00002	0	0.00000	0	0.00000	0	0.00000	0	0.00000
Methanococcus maripaludis	39152	S	0	0.00000	250	0.00023	0	0.00000	476	0.00024	0	0.00000	277	0.00013
Methanococcus vannielii	2187	S	0	0.00000	175	0.00016	0	0.00000	40	0.00002	0	0.00000	54	0.00002
Methanococcus aeolicus	42879	S	0	0.00000	52	0.00005	0	0.00000	54	0.00003	0	0.00000	22	0.00001
Methanothermococcus okinawensis	155863	S	0	0.00000	435	0.00039	0	0.00000	65	0.00003	0	0.00000	105	0.00005
Methanothermococcus thermolithotrophicus	2186	S	0	0.00000	25	0.00002	0	0.00000	31	0.00002	0	0.00000	104	0.00005
Methanocaldococcus lauensis	2546128	S	0	0.00000	51	0.00005	0	0.00000	0	0.00000	0	0.00000	0	0.00000
Methanocaldococcus bathoardescens	1301915	S	0	0.00000	50	0.00005	0	0.00000	0	0.00000	0	0.00000	67	0.00003
Methanopyrus sp. SNP6	1937005	S	0	0.00000	47	0.00004	0	0.00000	0	0.00000	0	0.00000	0	0.00000
Methanopyrus kandleri	2320	S	0	0.00000	37	0.00003	0	0.00000	0	0.00000	0	0.00000	0	0.00000
Thermococcus chitonophagus	54262	S	0	0.00000	69	0.00006	0	0.00000	61	0.00003	0	0.00000	50	0.00002
Thermococcus henrietii	2016361	S	0	0.00000	284	0.00026	0	0.00000	47	0.00002	0	0.00000	0	0.00000
Thermococcus gammatolerans	187878	S	0	0.00000	53	0.00005	0	0.00000	0	0.00000	0	0.00000	0	0.00000
Thermococcus profundus	49899	S	0	0.00000	15	0.00001	0	0.00000	0	0.00000	0	0.00000	0	0.00000
Thermococcus camini	2016373	S	0	0.00000	43	0.00004	0	0.00000	440	0.00022	0	0.00000	80	0.00004
Archaeoglobus fulgidus	2234	S	0	0.00000	14	0.00001	0	0.00000	23	0.00001	0	0.00000	0	0.00000
Archaeoglobus sulfaticallidus	1316941	S	0	0.00000	12	0.00001	0	0.00000	0	0.00000	0	0.00000	14	0.00001
Geoglobus acetivorans	565033	S	0	0.00000	21	0.00002	0	0.00000	0	0.00000	0	0.00000	0	0.00000
Acidilobus sp. 7A	1577685	S	0	0.00000	356	0.00032	0	0.00000	116	0.00006	0	0.00000	0	0.00000
Acidianus brierleyi	41673	S	0	0.00000	14	0.00001	0	0.00000	0	0.00000	0	0.00000	12	0.00001
Sulfolobus islandicus	43080	S	0	0.00000	23	0.00002	0	0.00000	18	0.00001	0	0.00000	27	0.00001
Saccharolobus shibatae	2286	S	0	0.00000	16	0.00001	0	0.00000	0	0.00000	0	0.00000	0	0.00000
Hyperthermus butylicus	54248	S	0	0.00000	96	0.00009	0	0.00000	0	0.00000	0	0.00000	0	0.00000
Pyrobaculum calidifontis	181486	S	0	0.00000	12	0.00001	0	0.00000	0	0.00000	0	0.00000	0	0.00000
Pyrobaculum neutrophilum	70771	S	0	0.00000	12	0.00001	0	0.00000	0	0.00000	0	0.00000	0	0.00000
Infirmifilum sp. NZ	2926850	S	0	0.00000	20	0.00002	0	0.00000	0	0.00000	0	0.00000	11	0.00001
Nitrosopumilus adriaticus	1580092	S	0	0.00000	46	0.00004	0	0.00000	0	0.00000	0	0.00000	0	0.00000
Candidatus Nitrosomarinus catalina	1898749	S	0	0.00000	30	0.00003	0	0.00000	0	0.00000	0	0.00000	0	0.00000
Candidatus Nitrosotenuis aquarius	1846278	S	0	0.00000	22	0.00002	0	0.00000	0	0.00000	0	0.00000	0	0.00000
Conexivisphaera calida	1874277	S	0	0.00000	14	0.00001	0	0.00000	0	0.00000	0	0.00000	0	0.00000
Methanomethylophilus alvi	1291540	S	0	0.00000	254	0.00023	0	0.00000	81	0.00004	0	0.00000	19	0.00001
Candidatus Methanomassiliicoccus intestinalis	1406512	S	0	0.00000	53	0.00005	0	0.00000	18	0.00001	0	0.00000	43	0.00002
Picrophilus oshimae	46632	S	0	0.00000	88	0.00008	0	0.00000	0	0.00000	0	0.00000	0	0.00000
Aciduliprofundum sp. MAR08-339	673860	S	0	0.00000	11	0.00001	0	0.00000	0	0.00000	0	0.00000	0	0.00000
Cohcovirus hiberniae	2955711	S	0	0.00000	662	0.00060	0	0.00000	0	0.00000	0	0.00000	0	0.00000
Cohcovirus splanchnicus	2955712	S	0	0.00000	112	0.00010	0	0.00000	75	0.00004	0	0.00000	0	0.00000
Buchavirus faecalis	2955550	S	0	0.00000	24	0.00002	0	0.00000	0	0.00000	0	0.00000	0	0.00000
Buchavirus hiberniae	2955551	S	0	0.00000	17	0.00002	0	0.00000	0	0.00000	0	0.00000	257	0.00012
Afonbuvirus coli	2955232	S	0	0.00000	32	0.00003	0	0.00000	0	0.00000	0	0.00000	0	0.00000
Besingivirus coli	2955429	S	0	0.00000	12	0.00001	0	0.00000	0	0.00000	0	0.00000	0	0.00000
Carjivirus communis	2955582	S	0	0.00000	488	0.00044	11	0.00037	200	0.00010	16	0.00021	0	0.00000
Carjivirus hominis	2955583	S	0	0.00000	94	0.00009	0	0.00000	54	0.00003	0	0.00000	0	0.00000
Endlipuvirus intestinihominis	2955861	S	0	0.00000	30	0.00003	0	0.00000	0	0.00000	0	0.00000	0	0.00000
Lagaffevirus lagaffe	2734112	S	0	0.00000	1148	0.00104	0	0.00000	0	0.00000	0	0.00000	0	0.00000
Lughvirus lugh	2734248	S	0	0.00000	151	0.00014	0	0.00000	239	0.00012	0	0.00000	0	0.00000
Enterobacteria phage P4	10680	S	0	0.00000	30	0.00003	0	0.00000	0	0.00000	0	0.00000	0	0.00000
Enterobacteria phage SfI	1225789	S	0	0.00000	82	0.00007	0	0.00000	0	0.00000	0	0.00000	0	0.00000
Enterobacteria phage SfV	55884	S	0	0.00000	14	0.00001	0	0.00000	0	0.00000	0	0.00000	0	0.00000
Aurunvirus STIM5	2734088	S	0	0.00000	71	0.00006	0	0.00000	35	0.00002	0	0.00000	0	0.00000
Nesevirus nv2G7b	2844172	S	0	0.00000	320	0.00029	0	0.00000	0	0.00000	0	0.00000	191	0.00009
Matervirus mater	2560332	S	0	0.00000	33	0.00003	0	0.00000	16	0.00001	0	0.00000	27	0.00001
Eponavirus epona	2734105	S	0	0.00000	52	0.00005	0	0.00000	0	0.00000	0	0.00000	0	0.00000
Montyvirus stevefrench	2734258	S	0	0.00000	39	0.00004	0	0.00000	0	0.00000	0	0.00000	12	0.00001
Veracruzvirus MA5	2956637	S	0	0.00000	25	0.00002	0	0.00000	0	0.00000	0	0.00000	0	0.00000
Radostvirus ev099	2844247	S	0	0.00000	98	0.00009	0	0.00000	0	0.00000	0	0.00000	65	0.00003
Mushuvirus mushu	2734119	S	0	0.00000	19	0.00002	0	0.00000	0	0.00000	0	0.00000	0	0.00000
Glaedevirus gv2H10	2844173	S	0	0.00000	20	0.00002	0	0.00000	0	0.00000	0	0.00000	47	0.00002
Kujavirus kuja	2841283	S	0	0.00000	10	0.00001	0	0.00000	0	0.00000	0	0.00000	0	0.00000
Donellivirus gee	1084719	S	0	0.00000	10	0.00001	0	0.00000	25	0.00001	0	0.00000	11	0.00001
Megavirus chilense	3060301	S	0	0.00000	15	0.00001	0	0.00000	0	0.00000	0	0.00000	0	0.00000
Orpheovirus IHUMI-LCC2	2023057	S	0	0.00000	13	0.00001	0	0.00000	0	0.00000	0	0.00000	0	0.00000
Bacteroides sp. BFG-637	2972764	S	0	0.00000	0	0.00000	0	0.00000	1889	0.00094	0	0.00000	0	0.00000
Phocaeicola salanitronis	376805	S	0	0.00000	0	0.00000	0	0.00000	197	0.00010	0	0.00000	71	0.00003
Parabacteroides faecis	1217282	S	0	0.00000	0	0.00000	0	0.00000	23	0.00001	0	0.00000	0	0.00000
Parabacteroides chongii	2685834	S	0	0.00000	0	0.00000	0	0.00000	16	0.00001	0	0.00000	42	0.00002
Prevotella sp. E2-28	2913620	S	0	0.00000	0	0.00000	0	0.00000	273	0.00014	0	0.00000	60	0.00003
Myroides albus	2562892	S	0	0.00000	0	0.00000	0	0.00000	1990	0.00099	0	0.00000	0	0.00000
Flagellimonas marinaquae	254955	S	0	0.00000	0	0.00000	0	0.00000	33	0.00002	0	0.00000	0	0.00000
Hymenobacter sp. NBH84	2596915	S	0	0.00000	0	0.00000	0	0.00000	139	0.00007	0	0.00000	0	0.00000
Pontibacter akesuensis	388950	S	0	0.00000	0	0.00000	0	0.00000	23	0.00001	0	0.00000	0	0.00000
Emticicia oligotrophica	312279	S	0	0.00000	0	0.00000	0	0.00000	28	0.00001	0	0.00000	35	0.00002
Spirosoma oryzicola	2898794	S	0	0.00000	0	0.00000	0	0.00000	13	0.00001	0	0.00000	0	0.00000
Sphingobacterium faecium	34087	S	0	0.00000	0	0.00000	0	0.00000	127	0.00006	0	0.00000	0	0.00000
Clostridium argentinense	29341	S	0	0.00000	0	0.00000	0	0.00000	86	0.00004	0	0.00000	0	0.00000
Clostridium beijerinckii	1520	S	0	0.00000	0	0.00000	0	0.00000	15	0.00001	0	0.00000	0	0.00000
Clostridium tyrobutyricum	1519	S	0	0.00000	0	0.00000	0	0.00000	11	0.00001	0	0.00000	0	0.00000
Sulfobacillus thermotolerans	338644	S	0	0.00000	0	0.00000	0	0.00000	10	0.00000	0	0.00000	0	0.00000
Enterococcus lactis	357441	S	0	0.00000	0	0.00000	0	0.00000	211	0.00011	0	0.00000	117	0.00005
Vagococcus fluvialis	2738	S	0	0.00000	0	0.00000	0	0.00000	17	0.00001	0	0.00000	45	0.00002
Streptococcus thermophilus	1308	S	0	0.00000	0	0.00000	0	0.00000	480	0.00024	0	0.00000	0	0.00000
Streptococcus sp. DTU_2020_1000888_1_SI_GRL_NUU_041A	3077723	S	0	0.00000	0	0.00000	0	0.00000	14	0.00001	0	0.00000	0	0.00000
Lactococcus sp. LG1267	2816910	S	0	0.00000	0	0.00000	0	0.00000	378	0.00019	0	0.00000	0	0.00000
Limosilactobacillus mucosae	97478	S	0	0.00000	0	0.00000	0	0.00000	127	0.00006	0	0.00000	0	0.00000
Lactobacillus amylolyticus	83683	S	0	0.00000	0	0.00000	0	0.00000	21	0.00001	0	0.00000	12	0.00001
Lactobacillus crispatus	47770	S	0	0.00000	0	0.00000	0	0.00000	10	0.00000	0	0.00000	32	0.00001
Pediococcus pentosaceus	1255	S	0	0.00000	0	0.00000	0	0.00000	21	0.00001	0	0.00000	151	0.00007
Lacticaseibacillus paracasei	1597	S	0	0.00000	0	0.00000	0	0.00000	48	0.00002	0	0.00000	16	0.00001
Fructilactobacillus sanfranciscensis	1625	S	0	0.00000	0	0.00000	0	0.00000	20	0.00001	0	0.00000	0	0.00000
Paucilactobacillus hokkaidonensis	1193095	S	0	0.00000	0	0.00000	0	0.00000	27	0.00001	0	0.00000	0	0.00000
Carnobacterium maltaromaticum	2751	S	0	0.00000	0	0.00000	0	0.00000	15	0.00001	0	0.00000	19	0.00001
Bacillus amyloliquefaciens	1390	S	0	0.00000	0	0.00000	0	0.00000	18	0.00001	0	0.00000	0	0.00000
Bacillus badius	1455	S	0	0.00000	0	0.00000	0	0.00000	19	0.00001	0	0.00000	16	0.00001
Staphylococcus sp. IVB6181	2929481	S	0	0.00000	0	0.00000	0	0.00000	16	0.00001	0	0.00000	0	0.00000
Exiguobacterium sp. S3-2	1389960	S	0	0.00000	0	0.00000	0	0.00000	1302	0.00065	0	0.00000	1052	0.00048
Planococcus maritimus	192421	S	0	0.00000	0	0.00000	0	0.00000	12	0.00001	0	0.00000	0	0.00000
Arthrobacter caoxuetaonis	2886935	S	0	0.00000	0	0.00000	0	0.00000	11	0.00001	0	0.00000	0	0.00000
Kocuria rosea	1275	S	0	0.00000	0	0.00000	0	0.00000	475	0.00024	0	0.00000	196	0.00009
Rothia mucilaginosa	43675	S	0	0.00000	0	0.00000	0	0.00000	14	0.00001	0	0.00000	0	0.00000
Streptomyces sp. EN27	211464	S	0	0.00000	0	0.00000	0	0.00000	38	0.00002	0	0.00000	0	0.00000
Streptomyces sp. NBC_00435	2903649	S	0	0.00000	0	0.00000	0	0.00000	59	0.00003	0	0.00000	33	0.00002
Streptomyces sp. SAT1	1849967	S	0	0.00000	0	0.00000	0	0.00000	26	0.00001	0	0.00000	21	0.00001
Streptomyces sp. NBC_00637	2903667	S	0	0.00000	0	0.00000	0	0.00000	31	0.00002	0	0.00000	17	0.00001
Streptomyces sp. CFMR 7	1649184	S	0	0.00000	0	0.00000	0	0.00000	88	0.00004	0	0.00000	0	0.00000
Streptomyces virginiae	1961	S	0	0.00000	0	0.00000	0	0.00000	47	0.00002	0	0.00000	0	0.00000
Streptomyces xanthophaeus	67385	S	0	0.00000	0	0.00000	0	0.00000	18	0.00001	0	0.00000	100	0.00005
Streptomyces camelliae	3004093	S	0	0.00000	0	0.00000	0	0.00000	36	0.00002	0	0.00000	0	0.00000
Streptomyces atratus	1893	S	0	0.00000	0	0.00000	0	0.00000	31	0.00002	0	0.00000	476	0.00022
Streptomyces chartreusis	1969	S	0	0.00000	0	0.00000	0	0.00000	13	0.00001	0	0.00000	0	0.00000
Streptantibioticus cattleyicolor	29303	S	0	0.00000	0	0.00000	0	0.00000	14	0.00001	0	0.00000	13	0.00001
Sphaerisporangium sp. TRM90804	3031113	S	0	0.00000	0	0.00000	0	0.00000	10	0.00000	0	0.00000	20	0.00001
Deinococcus gobiensis	502394	S	0	0.00000	0	0.00000	0	0.00000	52	0.00003	0	0.00000	23	0.00001
Deinococcus taeanensis	2737050	S	0	0.00000	0	0.00000	0	0.00000	45	0.00002	0	0.00000	0	0.00000
Deinococcus deserti	310783	S	0	0.00000	0	0.00000	0	0.00000	25	0.00001	0	0.00000	69	0.00003
Deinococcus proteolyticus	55148	S	0	0.00000	0	0.00000	0	0.00000	153	0.00008	0	0.00000	0	0.00000
Serratia liquefaciens	614	S	0	0.00000	0	0.00000	0	0.00000	17	0.00001	0	0.00000	0	0.00000
Rahnella victoriana	1510570	S	0	0.00000	0	0.00000	0	0.00000	23	0.00001	0	0.00000	41	0.00002
Pantoea sp. SOD02	2970818	S	0	0.00000	0	0.00000	0	0.00000	34	0.00002	0	0.00000	13	0.00001
Pantoea ananatis	553	S	0	0.00000	0	0.00000	0	0.00000	158	0.00008	0	0.00000	63	0.00003
Pantoea dispersa	59814	S	0	0.00000	0	0.00000	0	0.00000	11	0.00001	0	0.00000	36	0.00002
Pseudomonas sp. CP-1	2902622	S	0	0.00000	0	0.00000	0	0.00000	71	0.00004	0	0.00000	0	0.00000
Pseudomonas luteola	47886	S	0	0.00000	0	0.00000	0	0.00000	63	0.00003	0	0.00000	0	0.00000
Pseudomonas serbica	2965074	S	0	0.00000	0	0.00000	0	0.00000	42	0.00002	0	0.00000	0	0.00000
Vibrio campbellii	680	S	0	0.00000	0	0.00000	0	0.00000	238	0.00012	0	0.00000	0	0.00000
Vibrio parahaemolyticus	670	S	0	0.00000	0	0.00000	0	0.00000	163	0.00008	0	0.00000	53	0.00002
Vibrio anguillarum	55601	S	0	0.00000	0	0.00000	0	0.00000	36	0.00002	0	0.00000	0	0.00000
Xylella fastidiosa	2371	S	0	0.00000	0	0.00000	0	0.00000	24	0.00001	0	0.00000	0	0.00000
Acinetobacter seifertii	1530123	S	0	0.00000	0	0.00000	0	0.00000	123	0.00006	0	0.00000	0	0.00000
Moraxella osloensis	34062	S	0	0.00000	0	0.00000	0	0.00000	19	0.00001	0	0.00000	12	0.00001
Alteromonas macleodii	28108	S	0	0.00000	0	0.00000	0	0.00000	71	0.00004	0	0.00000	178	0.00008
Pseudoalteromonas shioyasakiensis	1190813	S	0	0.00000	0	0.00000	0	0.00000	32	0.00002	0	0.00000	42	0.00002
Shewanella baltica	62322	S	0	0.00000	0	0.00000	0	0.00000	12	0.00001	0	0.00000	48	0.00002
Thiothrix fructosivorans	111770	S	0	0.00000	0	0.00000	0	0.00000	59	0.00003	0	0.00000	26	0.00001
Methylotuvimicrobium alcaliphilum	271065	S	0	0.00000	0	0.00000	0	0.00000	20	0.00001	0	0.00000	0	0.00000
Rhizobium sp. CCGE 510	1132836	S	0	0.00000	0	0.00000	0	0.00000	51	0.00003	0	0.00000	0	0.00000
Rhizobium indigoferae	158891	S	0	0.00000	0	0.00000	0	0.00000	143	0.00007	0	0.00000	0	0.00000
Rhizobium grahamii	1120045	S	0	0.00000	0	0.00000	0	0.00000	13	0.00001	0	0.00000	0	0.00000
Sinorhizobium sp. RAC02	1842534	S	0	0.00000	0	0.00000	0	0.00000	140	0.00007	0	0.00000	0	0.00000
Shinella sedimenti	2919913	S	0	0.00000	0	0.00000	0	0.00000	32	0.00002	0	0.00000	0	0.00000
Methylobacterium brachiatum	269660	S	0	0.00000	0	0.00000	0	0.00000	215	0.00011	0	0.00000	0	0.00000
Methylorubrum sp. B1-46	2897334	S	0	0.00000	0	0.00000	0	0.00000	37	0.00002	0	0.00000	0	0.00000
Mesorhizobium sp. WSM4875	3038539	S	0	0.00000	0	0.00000	0	0.00000	18	0.00001	0	0.00000	62	0.00003
Nitratireductor rhodophyticola	2854036	S	0	0.00000	0	0.00000	0	0.00000	425	0.00021	0	0.00000	0	0.00000
Methylocystis iwaonis	2885079	S	0	0.00000	0	0.00000	0	0.00000	12	0.00001	0	0.00000	10	0.00000
Methylocella tundrae	227605	S	0	0.00000	0	0.00000	0	0.00000	10	0.00000	0	0.00000	0	0.00000
Paracoccus marcusii	59779	S	0	0.00000	0	0.00000	0	0.00000	61	0.00003	0	0.00000	0	0.00000
Roseinatronobacter sp. S2	3035471	S	0	0.00000	0	0.00000	0	0.00000	50	0.00002	0	0.00000	0	0.00000
Parasedimentitalea psychrophila	2997337	S	0	0.00000	0	0.00000	0	0.00000	43	0.00002	0	0.00000	0	0.00000
Gemmobacter aquarius	2169400	S	0	0.00000	0	0.00000	0	0.00000	186	0.00009	0	0.00000	0	0.00000
Azospirillum sp. TSH100	652764	S	0	0.00000	0	0.00000	0	0.00000	15	0.00001	0	0.00000	0	0.00000
Skermanella sp. TT6	2775420	S	0	0.00000	0	0.00000	0	0.00000	1024	0.00051	0	0.00000	0	0.00000
Roseomonas haemaphysalidis	2768162	S	0	0.00000	0	0.00000	0	0.00000	28	0.00001	0	0.00000	21	0.00001
Acetobacter aceti	435	S	0	0.00000	0	0.00000	0	0.00000	1818	0.00091	0	0.00000	0	0.00000
Pseudoroseomonas cervicalis	204525	S	0	0.00000	0	0.00000	0	0.00000	17	0.00001	0	0.00000	0	0.00000
Zymomonas mobilis	542	S	0	0.00000	0	0.00000	0	0.00000	66	0.00003	0	0.00000	0	0.00000
Croceicoccus marinus	450378	S	0	0.00000	0	0.00000	0	0.00000	12	0.00001	0	0.00000	0	0.00000
Burkholderia ambifaria	152480	S	0	0.00000	0	0.00000	0	0.00000	36	0.00002	0	0.00000	0	0.00000
Burkholderia pyrrocinia	60550	S	0	0.00000	0	0.00000	0	0.00000	18	0.00001	0	0.00000	26	0.00001
Cupriavidus neocaledonicus	1040979	S	0	0.00000	0	0.00000	0	0.00000	37	0.00002	0	0.00000	0	0.00000
Paraburkholderia caledonica	134536	S	0	0.00000	0	0.00000	0	0.00000	34	0.00002	0	0.00000	0	0.00000
Paraburkholderia phytofirmans	261302	S	0	0.00000	0	0.00000	0	0.00000	21	0.00001	0	0.00000	17	0.00001
Polaromonas naphthalenivorans	216465	S	0	0.00000	0	0.00000	0	0.00000	11	0.00001	0	0.00000	302	0.00014
Methylibium petroleiphilum	105560	S	0	0.00000	0	0.00000	0	0.00000	29	0.00001	0	0.00000	10	0.00000
Sphaerotilus sulfidivorans	639200	S	0	0.00000	0	0.00000	0	0.00000	10	0.00000	0	0.00000	35	0.00002
Janthinobacterium lividum	29581	S	0	0.00000	0	0.00000	0	0.00000	23	0.00001	0	0.00000	0	0.00000
Niveibacterium microcysteis	2811415	S	0	0.00000	0	0.00000	0	0.00000	34	0.00002	0	0.00000	420	0.00019
Desulforapulum autotrophicum	2296	S	0	0.00000	0	0.00000	0	0.00000	26	0.00001	0	0.00000	0	0.00000
Aquisphaera giovannonii	406548	S	0	0.00000	0	0.00000	0	0.00000	47	0.00002	0	0.00000	0	0.00000
Halomicrobium salinisoli	2878391	S	0	0.00000	0	0.00000	0	0.00000	45	0.00002	0	0.00000	0	0.00000
Halosimplex litoreum	1198301	S	0	0.00000	0	0.00000	0	0.00000	19	0.00001	0	0.00000	0	0.00000
Halomicroarcula marina	2961574	S	0	0.00000	0	0.00000	0	0.00000	14	0.00001	0	0.00000	36	0.00002
Halosegnis marinus	3034023	S	0	0.00000	0	0.00000	0	0.00000	30	0.00001	0	0.00000	17	0.00001
Halovenus salina	1510225	S	0	0.00000	0	0.00000	0	0.00000	26	0.00001	0	0.00000	0	0.00000
Natrinema sp. SYSU A 869	2871694	S	0	0.00000	0	0.00000	0	0.00000	38	0.00002	0	0.00000	0	0.00000
Natrinema pallidum	69527	S	0	0.00000	0	0.00000	0	0.00000	50	0.00002	0	0.00000	0	0.00000
Haloterrigena salifodinae	2675099	S	0	0.00000	0	0.00000	0	0.00000	162	0.00008	0	0.00000	180	0.00008
Natronosalvus rutilus	2953753	S	0	0.00000	0	0.00000	0	0.00000	27	0.00001	0	0.00000	17	0.00001
Halosolutus halophilus	1552990	S	0	0.00000	0	0.00000	0	0.00000	56	0.00003	0	0.00000	23	0.00001
Halomontanus rarus	3034020	S	0	0.00000	0	0.00000	0	0.00000	34	0.00002	0	0.00000	24	0.00001
Halopiger xanaduensis	387343	S	0	0.00000	0	0.00000	0	0.00000	34	0.00002	0	0.00000	47	0.00002
Halobaculum roseum	2175149	S	0	0.00000	0	0.00000	0	0.00000	1229	0.00061	0	0.00000	0	0.00000
Haloplanus aerogenes	660522	S	0	0.00000	0	0.00000	0	0.00000	23	0.00001	0	0.00000	0	0.00000
Halalkaliarchaeum desulfuricum	2055893	S	0	0.00000	0	0.00000	0	0.00000	19	0.00001	0	0.00000	20	0.00001
Haloquadratum walsbyi	293091	S	0	0.00000	0	0.00000	0	0.00000	17	0.00001	0	0.00000	10	0.00000
Halorussus aquaticus	2953748	S	0	0.00000	0	0.00000	0	0.00000	128	0.00006	0	0.00000	89	0.00004
Haladaptatus pallidirubidus	1008152	S	0	0.00000	0	0.00000	0	0.00000	36	0.00002	0	0.00000	17	0.00001
Actinarchaeum halophilum	2814576	S	0	0.00000	0	0.00000	0	0.00000	17	0.00001	0	0.00000	0	0.00000
Halarchaeum sp. CBA1220	1853682	S	0	0.00000	0	0.00000	0	0.00000	22	0.00001	0	0.00000	0	0.00000
Salinarchaeum sp. IM2453	2862870	S	0	0.00000	0	0.00000	0	0.00000	18	0.00001	0	0.00000	12	0.00001
Methanosarcina acetivorans	2214	S	0	0.00000	0	0.00000	0	0.00000	114	0.00006	0	0.00000	49	0.00002
Methanohalophilus portucalensis	39664	S	0	0.00000	0	0.00000	0	0.00000	26	0.00001	0	0.00000	21	0.00001
Methanogenium organophilum	2199	S	0	0.00000	0	0.00000	0	0.00000	100	0.00005	0	0.00000	67	0.00003
Methanoculleus receptaculi	394967	S	0	0.00000	0	0.00000	0	0.00000	30	0.00001	0	0.00000	0	0.00000
Methanocaldococcus jannaschii	2190	S	0	0.00000	0	0.00000	0	0.00000	67	0.00003	0	0.00000	0	0.00000
Methanocaldococcus vulcanius	73913	S	0	0.00000	0	0.00000	0	0.00000	311	0.00016	0	0.00000	443	0.00020
Thermococcus barophilus	55802	S	0	0.00000	0	0.00000	0	0.00000	17	0.00001	0	0.00000	23	0.00001
Thermococcus guaymasensis	110164	S	0	0.00000	0	0.00000	0	0.00000	13	0.00001	0	0.00000	15	0.00001
Thermococcus sibiricus	172049	S	0	0.00000	0	0.00000	0	0.00000	11	0.00001	0	0.00000	0	0.00000
Pyrococcus abyssi	29292	S	0	0.00000	0	0.00000	0	0.00000	13	0.00001	0	0.00000	29	0.00001
Archaeoglobus veneficus	58290	S	0	0.00000	0	0.00000	0	0.00000	24	0.00001	0	0.00000	0	0.00000
Acidianus sp. HS-5	2886040	S	0	0.00000	0	0.00000	0	0.00000	19	0.00001	0	0.00000	0	0.00000
Acidianus sulfidivorans	312539	S	0	0.00000	0	0.00000	0	0.00000	31	0.00002	0	0.00000	43	0.00002
Stygiolobus caldivivus	2824673	S	0	0.00000	0	0.00000	0	0.00000	13	0.00001	0	0.00000	0	0.00000
Thermofilum adornatum	1365176	S	0	0.00000	0	0.00000	0	0.00000	77	0.00004	0	0.00000	23	0.00001
Candidatus Nitrosopumilus koreensis	1510466	S	0	0.00000	0	0.00000	0	0.00000	52	0.00003	0	0.00000	0	0.00000
Nitrosopumilus cobalaminigenes	1470066	S	0	0.00000	0	0.00000	0	0.00000	40	0.00002	0	0.00000	0	0.00000
Candidatus Prometheoarchaeum syntrophicum	2594042	S	0	0.00000	0	0.00000	0	0.00000	23	0.00001	0	0.00000	198	0.00009
Brussowvirus 20617	3059794	S	0	0.00000	0	0.00000	0	0.00000	295	0.00015	0	0.00000	135	0.00006
Brussowvirus VS2018a	3059822	S	0	0.00000	0	0.00000	0	0.00000	15	0.00001	0	0.00000	0	0.00000
Streptococcus phage YMC-2011	1051631	S	0	0.00000	0	0.00000	0	0.00000	29	0.00001	0	0.00000	0	0.00000
Akihdevirus balticus	2955235	S	0	0.00000	0	0.00000	0	0.00000	19	0.00001	0	0.00000	0	0.00000
Kayvirus MCE2014	1924733	S	0	0.00000	0	0.00000	0	0.00000	198	0.00010	0	0.00000	0	0.00000
Brigitvirus brigit	2734096	S	0	0.00000	0	0.00000	0	0.00000	130	0.00006	0	0.00000	0	0.00000
Bacteroides phage B124-14	1105171	S	0	0.00000	0	0.00000	0	0.00000	31	0.00002	0	0.00000	145	0.00007
Streptococcus phage phiARI0746	1701837	S	0	0.00000	0	0.00000	0	0.00000	127	0.00006	0	0.00000	0	0.00000
Leucotheavirus syn30	2734114	S	0	0.00000	0	0.00000	0	0.00000	20	0.00001	0	0.00000	0	0.00000
Fibralongavirus QT1	2734234	S	0	0.00000	0	0.00000	0	0.00000	32	0.00002	0	0.00000	0	0.00000
Cetovirus ceto	2060092	S	0	0.00000	0	0.00000	0	0.00000	15	0.00001	0	0.00000	0	0.00000
Cotonvirus japonicum	3059904	S	0	0.00000	0	0.00000	0	0.00000	17	0.00001	0	0.00000	31	0.00001
Theiavirus salishense	3060737	S	0	0.00000	0	0.00000	0	0.00000	10	0.00000	0	0.00000	0	0.00000
Potato virus Y	12216	S	0	0.00000	0	0.00000	0	0.00000	13	0.00001	0	0.00000	0	0.00000
Enterocloster bolteae	208479	S	0	0.00000	0	0.00000	0	0.00000	0	0.00000	12	0.00016	288	0.00013
Birpovirus hominis	2955499	S	0	0.00000	0	0.00000	0	0.00000	0	0.00000	17	0.00023	0	0.00000
Hymenobacter volaticus	2932254	S	0	0.00000	0	0.00000	0	0.00000	0	0.00000	0	0.00000	97	0.00004
Spirosoma sp. SC4-14	3128900	S	0	0.00000	0	0.00000	0	0.00000	0	0.00000	0	0.00000	12	0.00001
Escherichia marmotae	1499973	S	0	0.00000	0	0.00000	0	0.00000	0	0.00000	0	0.00000	83	0.00004
Enterobacter sp. T2	2707174	S	0	0.00000	0	0.00000	0	0.00000	0	0.00000	0	0.00000	51	0.00002
Klebsiella sp. LTGPAF-6F	1905288	S	0	0.00000	0	0.00000	0	0.00000	0	0.00000	0	0.00000	26	0.00001
Salmonella sp.	599	S	0	0.00000	0	0.00000	0	0.00000	0	0.00000	0	0.00000	65	0.00003
Shigella sonnei	624	S	0	0.00000	0	0.00000	0	0.00000	0	0.00000	0	0.00000	177	0.00008
Shigella dysenteriae	622	S	0	0.00000	0	0.00000	0	0.00000	0	0.00000	0	0.00000	14	0.00001
Citrobacter portucalensis	1639133	S	0	0.00000	0	0.00000	0	0.00000	0	0.00000	0	0.00000	48	0.00002
Citrobacter werkmanii	67827	S	0	0.00000	0	0.00000	0	0.00000	0	0.00000	0	0.00000	33	0.00002
Kluyvera intermedia	61648	S	0	0.00000	0	0.00000	0	0.00000	0	0.00000	0	0.00000	46	0.00002
Cronobacter dublinensis	413497	S	0	0.00000	0	0.00000	0	0.00000	0	0.00000	0	0.00000	16	0.00001
Chimaeribacter arupi	2060066	S	0	0.00000	0	0.00000	0	0.00000	0	0.00000	0	0.00000	368	0.00017
Yersinia pseudotuberculosis	633	S	0	0.00000	0	0.00000	0	0.00000	0	0.00000	0	0.00000	14	0.00001
Yersinia frederiksenii	29484	S	0	0.00000	0	0.00000	0	0.00000	0	0.00000	0	0.00000	10	0.00000
Morganella morganii	582	S	0	0.00000	0	0.00000	0	0.00000	0	0.00000	0	0.00000	92	0.00004
Arsenophonus nasoniae	638	S	0	0.00000	0	0.00000	0	0.00000	0	0.00000	0	0.00000	24	0.00001
Erwinia amylovora	552	S	0	0.00000	0	0.00000	0	0.00000	0	0.00000	0	0.00000	59	0.00003
Pseudomonas sp. DR48	2871095	S	0	0.00000	0	0.00000	0	0.00000	0	0.00000	0	0.00000	25	0.00001
Halomonas sp. A3H3	1346287	S	0	0.00000	0	0.00000	0	0.00000	0	0.00000	0	0.00000	18	0.00001
Metallibacterium scheffleri	993689	S	0	0.00000	0	0.00000	0	0.00000	0	0.00000	0	0.00000	12	0.00001
Pseudoalteromonas xiamenensis	882626	S	0	0.00000	0	0.00000	0	0.00000	0	0.00000	0	0.00000	16	0.00001
Pseudoalteromonas sp. HL-AS2	3071082	S	0	0.00000	0	0.00000	0	0.00000	0	0.00000	0	0.00000	20	0.00001
Alteromonas mediterranea	314275	S	0	0.00000	0	0.00000	0	0.00000	0	0.00000	0	0.00000	13	0.00001
Vibrio aquimaris	2587862	S	0	0.00000	0	0.00000	0	0.00000	0	0.00000	0	0.00000	17	0.00001
Photobacterium toruni	1935446	S	0	0.00000	0	0.00000	0	0.00000	0	0.00000	0	0.00000	12	0.00001
Legionella fallonii	96230	S	0	0.00000	0	0.00000	0	0.00000	0	0.00000	0	0.00000	14	0.00001
Rhizobium sp. AB2/73	2795216	S	0	0.00000	0	0.00000	0	0.00000	0	0.00000	0	0.00000	26	0.00001
Rhizobium sp. SRDI969	3138252	S	0	0.00000	0	0.00000	0	0.00000	0	0.00000	0	0.00000	456	0.00021
Agrobacterium deltaense	1183412	S	0	0.00000	0	0.00000	0	0.00000	0	0.00000	0	0.00000	104	0.00005
Microvirga lotononidis	864069	S	0	0.00000	0	0.00000	0	0.00000	0	0.00000	0	0.00000	24	0.00001
Bradyrhizobium barranii	2992140	S	0	0.00000	0	0.00000	0	0.00000	0	0.00000	0	0.00000	37	0.00002
Ochrobactrum sp. Res13-Abat-PEA25-P4-02	2777942	S	0	0.00000	0	0.00000	0	0.00000	0	0.00000	0	0.00000	11	0.00001
Rhodobacter sp. CZR27	2033869	S	0	0.00000	0	0.00000	0	0.00000	0	0.00000	0	0.00000	29	0.00001
Cereibacter azotoformans	43057	S	0	0.00000	0	0.00000	0	0.00000	0	0.00000	0	0.00000	16	0.00001
Marivivens sp. LCG002	3051171	S	0	0.00000	0	0.00000	0	0.00000	0	0.00000	0	0.00000	15	0.00001
Salipiger profundus	1229727	S	0	0.00000	0	0.00000	0	0.00000	0	0.00000	0	0.00000	285	0.00013
Leisingera sp. M527	2867014	S	0	0.00000	0	0.00000	0	0.00000	0	0.00000	0	0.00000	47	0.00002
Leisingera caerulea	506591	S	0	0.00000	0	0.00000	0	0.00000	0	0.00000	0	0.00000	13	0.00001
Phaeobacter porticola	1844006	S	0	0.00000	0	0.00000	0	0.00000	0	0.00000	0	0.00000	15	0.00001
Wenxinia marina	390641	S	0	0.00000	0	0.00000	0	0.00000	0	0.00000	0	0.00000	20	0.00001
Ponticoccus alexandrii	1943633	S	0	0.00000	0	0.00000	0	0.00000	0	0.00000	0	0.00000	13	0.00001
Azospirillum baldaniorum	1064539	S	0	0.00000	0	0.00000	0	0.00000	0	0.00000	0	0.00000	39	0.00002
Acidiphilium multivorum	62140	S	0	0.00000	0	0.00000	0	0.00000	0	0.00000	0	0.00000	362	0.00017
Formicincola oecophyllae	2558361	S	0	0.00000	0	0.00000	0	0.00000	0	0.00000	0	0.00000	91	0.00004
Komagataeibacter oboediens	65958	S	0	0.00000	0	0.00000	0	0.00000	0	0.00000	0	0.00000	69	0.00003
Novosphingobium sp. KACC 22771	3025670	S	0	0.00000	0	0.00000	0	0.00000	0	0.00000	0	0.00000	24	0.00001
Sphingobium herbicidovorans	76947	S	0	0.00000	0	0.00000	0	0.00000	0	0.00000	0	0.00000	60	0.00003
Sphingobium yanoikuyae	13690	S	0	0.00000	0	0.00000	0	0.00000	0	0.00000	0	0.00000	440	0.00020
Qipengyuania citrea	225971	S	0	0.00000	0	0.00000	0	0.00000	0	0.00000	0	0.00000	16	0.00001
Cupriavidus sp. U2	2920269	S	0	0.00000	0	0.00000	0	0.00000	0	0.00000	0	0.00000	97	0.00004
Cupriavidus sp. P-10	2027911	S	0	0.00000	0	0.00000	0	0.00000	0	0.00000	0	0.00000	16	0.00001
Caballeronia sp. SBC1	2705548	S	0	0.00000	0	0.00000	0	0.00000	0	0.00000	0	0.00000	70	0.00003
Caballeronia grimmiae	1071679	S	0	0.00000	0	0.00000	0	0.00000	0	0.00000	0	0.00000	93	0.00004
Eleftheria terrae	1597781	S	0	0.00000	0	0.00000	0	0.00000	0	0.00000	0	0.00000	15	0.00001
Massilia putida	1141883	S	0	0.00000	0	0.00000	0	0.00000	0	0.00000	0	0.00000	11	0.00001
Conchiformibius steedae	153493	S	0	0.00000	0	0.00000	0	0.00000	0	0.00000	0	0.00000	12	0.00001
Hydrogenophilus thermoluteolus	297	S	0	0.00000	0	0.00000	0	0.00000	0	0.00000	0	0.00000	282	0.00013
Clostridium chauvoei	46867	S	0	0.00000	0	0.00000	0	0.00000	0	0.00000	0	0.00000	30	0.00001
Clostridium sporogenes	1509	S	0	0.00000	0	0.00000	0	0.00000	0	0.00000	0	0.00000	24	0.00001
Clostridium cadaveris	1529	S	0	0.00000	0	0.00000	0	0.00000	0	0.00000	0	0.00000	12	0.00001
Enterococcus sp. DA9	2603296	S	0	0.00000	0	0.00000	0	0.00000	0	0.00000	0	0.00000	229	0.00010
Melissococcus plutonius	33970	S	0	0.00000	0	0.00000	0	0.00000	0	0.00000	0	0.00000	45	0.00002
Limosilactobacillus fermentum	1613	S	0	0.00000	0	0.00000	0	0.00000	0	0.00000	0	0.00000	94	0.00004
Limosilactobacillus portuensis	2742601	S	0	0.00000	0	0.00000	0	0.00000	0	0.00000	0	0.00000	40	0.00002
Latilactobacillus sakei	1599	S	0	0.00000	0	0.00000	0	0.00000	0	0.00000	0	0.00000	91	0.00004
Lactiplantibacillus pentosus	1589	S	0	0.00000	0	0.00000	0	0.00000	0	0.00000	0	0.00000	65	0.00003
Pediococcus sp. AC40	2962679	S	0	0.00000	0	0.00000	0	0.00000	0	0.00000	0	0.00000	195	0.00009
Lactobacillus kefiranofaciens	267818	S	0	0.00000	0	0.00000	0	0.00000	0	0.00000	0	0.00000	35	0.00002
Lactobacillus intestinalis	151781	S	0	0.00000	0	0.00000	0	0.00000	0	0.00000	0	0.00000	23	0.00001
Lactobacillus gasseri	1596	S	0	0.00000	0	0.00000	0	0.00000	0	0.00000	0	0.00000	30	0.00001
Ligilactobacillus acidipiscis	89059	S	0	0.00000	0	0.00000	0	0.00000	0	0.00000	0	0.00000	12	0.00001
Levilactobacillus zymae	267363	S	0	0.00000	0	0.00000	0	0.00000	0	0.00000	0	0.00000	241	0.00011
Weissella paramesenteroides	1249	S	0	0.00000	0	0.00000	0	0.00000	0	0.00000	0	0.00000	72	0.00003
Leuconostoc citreum	33964	S	0	0.00000	0	0.00000	0	0.00000	0	0.00000	0	0.00000	24	0.00001
Leuconostoc mesenteroides	1245	S	0	0.00000	0	0.00000	0	0.00000	0	0.00000	0	0.00000	22	0.00001
Bacillus paranthracis	2026186	S	0	0.00000	0	0.00000	0	0.00000	0	0.00000	0	0.00000	710	0.00032
Peribacillus frigoritolerans	450367	S	0	0.00000	0	0.00000	0	0.00000	0	0.00000	0	0.00000	53	0.00002
Priestia flexa	86664	S	0	0.00000	0	0.00000	0	0.00000	0	0.00000	0	0.00000	62	0.00003
Metabacillus dongyingensis	2874282	S	0	0.00000	0	0.00000	0	0.00000	0	0.00000	0	0.00000	11	0.00001
Cytobacillus spongiae	2901381	S	0	0.00000	0	0.00000	0	0.00000	0	0.00000	0	0.00000	19	0.00001
Geobacillus thermodenitrificans	33940	S	0	0.00000	0	0.00000	0	0.00000	0	0.00000	0	0.00000	108	0.00005
Aneurinibacillus sp. Ricciae_BoGa-3	3022697	S	0	0.00000	0	0.00000	0	0.00000	0	0.00000	0	0.00000	24	0.00001
Arthrobacter sp. FW305-BF8	2879617	S	0	0.00000	0	0.00000	0	0.00000	0	0.00000	0	0.00000	1329	0.00061
Arthrobacter sp. NicSoilB11	2830999	S	0	0.00000	0	0.00000	0	0.00000	0	0.00000	0	0.00000	295	0.00013
Arthrobacter sp. FW306-07-I	2879622	S	0	0.00000	0	0.00000	0	0.00000	0	0.00000	0	0.00000	262	0.00012
Kocuria flava	446860	S	0	0.00000	0	0.00000	0	0.00000	0	0.00000	0	0.00000	61	0.00003
Rhodococcus erythropolis	1833	S	0	0.00000	0	0.00000	0	0.00000	0	0.00000	0	0.00000	46	0.00002
Streptomyces sp. NBC_00536	2975769	S	0	0.00000	0	0.00000	0	0.00000	0	0.00000	0	0.00000	429	0.00020
Streptomyces sp. N50	3081765	S	0	0.00000	0	0.00000	0	0.00000	0	0.00000	0	0.00000	292	0.00013
Streptomyces sp. T12	477697	S	0	0.00000	0	0.00000	0	0.00000	0	0.00000	0	0.00000	128	0.00006
Streptomyces sp. Alt1	3033810	S	0	0.00000	0	0.00000	0	0.00000	0	0.00000	0	0.00000	145	0.00007
Streptomyces sp. NBC_01483	2903883	S	0	0.00000	0	0.00000	0	0.00000	0	0.00000	0	0.00000	113	0.00005
Streptomyces sp. NBC_00239	2903640	S	0	0.00000	0	0.00000	0	0.00000	0	0.00000	0	0.00000	19	0.00001
Streptomyces sp. NBC_00289	2975703	S	0	0.00000	0	0.00000	0	0.00000	0	0.00000	0	0.00000	43	0.00002
Streptomyces sp. NBC_00525	2903660	S	0	0.00000	0	0.00000	0	0.00000	0	0.00000	0	0.00000	16	0.00001
Streptomyces nigrescens	1920	S	0	0.00000	0	0.00000	0	0.00000	0	0.00000	0	0.00000	511	0.00023
Streptomyces microflavus	1919	S	0	0.00000	0	0.00000	0	0.00000	0	0.00000	0	0.00000	386	0.00018
Streptomyces angustmyceticus	285578	S	0	0.00000	0	0.00000	0	0.00000	0	0.00000	0	0.00000	24	0.00001
Streptomyces flavofungini	68200	S	0	0.00000	0	0.00000	0	0.00000	0	0.00000	0	0.00000	16	0.00001
Streptomyces cadmiisoli	2184053	S	0	0.00000	0	0.00000	0	0.00000	0	0.00000	0	0.00000	10	0.00000
Trichormus variabilis	264691	S	0	0.00000	0	0.00000	0	0.00000	0	0.00000	0	0.00000	14	0.00001
Nodosilinea sp. E11	3037479	S	0	0.00000	0	0.00000	0	0.00000	0	0.00000	0	0.00000	43	0.00002
Synechococcus elongatus	32046	S	0	0.00000	0	0.00000	0	0.00000	0	0.00000	0	0.00000	17	0.00001
Campylobacter hominis	76517	S	0	0.00000	0	0.00000	0	0.00000	0	0.00000	0	0.00000	71	0.00003
Aliarcobacter cryaerophilus	28198	S	0	0.00000	0	0.00000	0	0.00000	0	0.00000	0	0.00000	41	0.00002
Arcobacter cloacae	1054034	S	0	0.00000	0	0.00000	0	0.00000	0	0.00000	0	0.00000	11	0.00001
Leptospira noguchii	28182	S	0	0.00000	0	0.00000	0	0.00000	0	0.00000	0	0.00000	15	0.00001
Granulicella tundricola	940615	S	0	0.00000	0	0.00000	0	0.00000	0	0.00000	0	0.00000	17	0.00001
Halorhabdus sp. BNX81	2980181	S	0	0.00000	0	0.00000	0	0.00000	0	0.00000	0	0.00000	125	0.00006
Halosimplex rubrum	869889	S	0	0.00000	0	0.00000	0	0.00000	0	0.00000	0	0.00000	49	0.00002
Natronomonas marina	2961939	S	0	0.00000	0	0.00000	0	0.00000	0	0.00000	0	0.00000	73	0.00003
Halomarina sp. PSR21	3033386	S	0	0.00000	0	0.00000	0	0.00000	0	0.00000	0	0.00000	15	0.00001
Natrinema gelatinilyticum	2961571	S	0	0.00000	0	0.00000	0	0.00000	0	0.00000	0	0.00000	25	0.00001
Natrinema marinum	2961598	S	0	0.00000	0	0.00000	0	0.00000	0	0.00000	0	0.00000	31	0.00001
Natrinema halophilum	1699371	S	0	0.00000	0	0.00000	0	0.00000	0	0.00000	0	0.00000	21	0.00001
Natrinema caseinilyticum	2961570	S	0	0.00000	0	0.00000	0	0.00000	0	0.00000	0	0.00000	19	0.00001
Natrinema salinisoli	2878535	S	0	0.00000	0	0.00000	0	0.00000	0	0.00000	0	0.00000	18	0.00001
Halosolutus gelatinilyticus	2931975	S	0	0.00000	0	0.00000	0	0.00000	0	0.00000	0	0.00000	30	0.00001
Halorubrum salinarum	2739057	S	0	0.00000	0	0.00000	0	0.00000	0	0.00000	0	0.00000	80	0.00004
Halorubrum hochsteinianum	2949307	S	0	0.00000	0	0.00000	0	0.00000	0	0.00000	0	0.00000	26	0.00001
Haloprofundus salilacus	2876190	S	0	0.00000	0	0.00000	0	0.00000	0	0.00000	0	0.00000	13	0.00001
Halobellus sp. DFY28	3075123	S	0	0.00000	0	0.00000	0	0.00000	0	0.00000	0	0.00000	77	0.00004
Halogeometricum borinquense	60847	S	0	0.00000	0	0.00000	0	0.00000	0	0.00000	0	0.00000	18	0.00001
Natranaeroarchaeum sulfidigenes	2784880	S	0	0.00000	0	0.00000	0	0.00000	0	0.00000	0	0.00000	14	0.00001
Methanosarcina flavescens	1715806	S	0	0.00000	0	0.00000	0	0.00000	0	0.00000	0	0.00000	67	0.00003
Methanobacterium congolense	118062	S	0	0.00000	0	0.00000	0	0.00000	0	0.00000	0	0.00000	181	0.00008
Methanobacterium sp. BAmetb5	2025351	S	0	0.00000	0	0.00000	0	0.00000	0	0.00000	0	0.00000	30	0.00001
Methanobacterium ferruginis	710191	S	0	0.00000	0	0.00000	0	0.00000	0	0.00000	0	0.00000	12	0.00001
Methanothermobacter tenebrarum	680118	S	0	0.00000	0	0.00000	0	0.00000	0	0.00000	0	0.00000	17	0.00001
Methanocaldococcus fervens	83171	S	0	0.00000	0	0.00000	0	0.00000	0	0.00000	0	0.00000	95	0.00004
Methanotorris igneus	2189	S	0	0.00000	0	0.00000	0	0.00000	0	0.00000	0	0.00000	129	0.00006
Thermococcus piezophilus	1712654	S	0	0.00000	0	0.00000	0	0.00000	0	0.00000	0	0.00000	27	0.00001
Thermococcus litoralis	2265	S	0	0.00000	0	0.00000	0	0.00000	0	0.00000	0	0.00000	21	0.00001
Acidianus manzaensis	282676	S	0	0.00000	0	0.00000	0	0.00000	0	0.00000	0	0.00000	10	0.00000
Sulfolobus tengchongensis	207809	S	0	0.00000	0	0.00000	0	0.00000	0	0.00000	0	0.00000	21	0.00001
Sulfurisphaera ohwakuensis	69656	S	0	0.00000	0	0.00000	0	0.00000	0	0.00000	0	0.00000	24	0.00001
Pyrobaculum aerophilum	13773	S	0	0.00000	0	0.00000	0	0.00000	0	0.00000	0	0.00000	10	0.00000
Caldivirga maquilingensis	76887	S	0	0.00000	0	0.00000	0	0.00000	0	0.00000	0	0.00000	11	0.00001
Thermogladius calderae	1200300	S	0	0.00000	0	0.00000	0	0.00000	0	0.00000	0	0.00000	12	0.00001
Pyrodictium abyssi	54256	S	0	0.00000	0	0.00000	0	0.00000	0	0.00000	0	0.00000	11	0.00001
Caldisphaera lagunensis	200415	S	0	0.00000	0	0.00000	0	0.00000	0	0.00000	0	0.00000	49	0.00002
Nitrosopumilus zosterae	718286	S	0	0.00000	0	0.00000	0	0.00000	0	0.00000	0	0.00000	73	0.00003
Nitrosopumilus maritimus	338192	S	0	0.00000	0	0.00000	0	0.00000	0	0.00000	0	0.00000	30	0.00001
Candidatus Nitrososphaera evergladensis	1459637	S	0	0.00000	0	0.00000	0	0.00000	0	0.00000	0	0.00000	48	0.00002
Candidatus Nitrosocosmicus franklandus	1798806	S	0	0.00000	0	0.00000	0	0.00000	0	0.00000	0	0.00000	10	0.00000
Thermoplasma volcanium	50339	S	0	0.00000	0	0.00000	0	0.00000	0	0.00000	0	0.00000	41	0.00002
Ferroplasma acidarmanus	97393	S	0	0.00000	0	0.00000	0	0.00000	0	0.00000	0	0.00000	13	0.00001
Candidatus Aciduliprofundum boonei	379547	S	0	0.00000	0	0.00000	0	0.00000	0	0.00000	0	0.00000	14	0.00001
Escherichia phage TL-2011b	1124654	S	0	0.00000	0	0.00000	0	0.00000	0	0.00000	0	0.00000	446	0.00020
Bacteroides phage B40-8	99179	S	0	0.00000	0	0.00000	0	0.00000	0	0.00000	0	0.00000	76	0.00003
Lactobacillus prophage Lj965	139870	S	0	0.00000	0	0.00000	0	0.00000	0	0.00000	0	0.00000	24	0.00001
Gordonia phage VanLee	2845816	S	0	0.00000	0	0.00000	0	0.00000	0	0.00000	0	0.00000	17	0.00001
Enterobacteria phage cdtI	414970	S	0	0.00000	0	0.00000	0	0.00000	0	0.00000	0	0.00000	12	0.00001
Buchavirus copri	2955549	S	0	0.00000	0	0.00000	0	0.00000	0	0.00000	0	0.00000	42	0.00002
Buchavirus oralis	2955554	S	0	0.00000	0	0.00000	0	0.00000	0	0.00000	0	0.00000	31	0.00001
Uetakevirus phiV10	1982579	S	0	0.00000	0	0.00000	0	0.00000	0	0.00000	0	0.00000	242	0.00011
Enterobacter phage Tyrion	1864623	S	0	0.00000	0	0.00000	0	0.00000	0	0.00000	0	0.00000	19	0.00001
Elveevirus cartapus	3059977	S	0	0.00000	0	0.00000	0	0.00000	0	0.00000	0	0.00000	67	0.00003
Elveevirus 4LV2017	2734062	S	0	0.00000	0	0.00000	0	0.00000	0	0.00000	0	0.00000	16	0.00001
Wadgaonvirus wv5004651	2956672	S	0	0.00000	0	0.00000	0	0.00000	0	0.00000	0	0.00000	36	0.00002
Jouyvirus ev207	2844249	S	0	0.00000	0	0.00000	0	0.00000	0	0.00000	0	0.00000	286	0.00013
Jouyvirus ev017	2844245	S	0	0.00000	0	0.00000	0	0.00000	0	0.00000	0	0.00000	146	0.00007
Enterobacteria phage Sf101	1524881	S	0	0.00000	0	0.00000	0	0.00000	0	0.00000	0	0.00000	45	0.00002
Salmonella phage UPF_BP1	1912492	S	0	0.00000	0	0.00000	0	0.00000	0	0.00000	0	0.00000	52	0.00002
Salmonella phage epsilon34	348058	S	0	0.00000	0	0.00000	0	0.00000	0	0.00000	0	0.00000	47	0.00002
Lederbergvirus HK620	2748764	S	0	0.00000	0	0.00000	0	0.00000	0	0.00000	0	0.00000	66	0.00003
Pankowvirus pv2851	2844123	S	0	0.00000	0	0.00000	0	0.00000	0	0.00000	0	0.00000	187	0.00009
Nesevirus ev243	2844251	S	0	0.00000	0	0.00000	0	0.00000	0	0.00000	0	0.00000	44	0.00002
Marienburgvirus JLK2012	2844207	S	0	0.00000	0	0.00000	0	0.00000	0	0.00000	0	0.00000	69	0.00003
Bievrevirus bv4A7	2844174	S	0	0.00000	0	0.00000	0	0.00000	0	0.00000	0	0.00000	61	0.00003
Alegriavirus av2B8	2844171	S	0	0.00000	0	0.00000	0	0.00000	0	0.00000	0	0.00000	35	0.00002
Phreappuccinovirus Phrappuccino	2956317	S	0	0.00000	0	0.00000	0	0.00000	0	0.00000	0	0.00000	25	0.00001
Seoulvirus SPN3US	1984796	S	0	0.00000	0	0.00000	0	0.00000	0	0.00000	0	0.00000	25	0.00001
Nonagvirus JenP1	1921120	S	0	0.00000	0	0.00000	0	0.00000	0	0.00000	0	0.00000	23	0.00001
Saikungvirus HK75	2169925	S	0	0.00000	0	0.00000	0	0.00000	0	0.00000	0	0.00000	24	0.00001
Colneyvirus CDKM9	2843967	S	0	0.00000	0	0.00000	0	0.00000	0	0.00000	0	0.00000	96	0.00004
Takahashivirus PBS1	10683	S	0	0.00000	0	0.00000	0	0.00000	0	0.00000	0	0.00000	12	0.00001
Parlovirus parlo	2846185	S	0	0.00000	0	0.00000	0	0.00000	0	0.00000	0	0.00000	12	0.00001
Wifcevirus WFC	2734156	S	0	0.00000	0	0.00000	0	0.00000	0	0.00000	0	0.00000	11	0.00001
Microbacterium phage Katzastrophic	2912654	S	0	0.00000	0	0.00000	0	0.00000	0	0.00000	0	0.00000	10	0.00000
Squirrelpox virus	240426	S	0	0.00000	0	0.00000	0	0.00000	0	0.00000	0	0.00000	13	0.00001
Kundal coltivirus	2734338	S	0	0.00000	0	0.00000	0	0.00000	0	0.00000	0	0.00000	36	0.00002
Lentinuvirus lentinulae	3052280	S	0	0.00000	0	0.00000	0	0.00000	0	0.00000	0	0.00000	11	0.00001
Pandoravirus inopinatum	1605721	S	0	0.00000	0	0.00000	0	0.00000	0	0.00000	0	0.00000	17	0.00001
