name	taxonomy_id	taxonomy_lvl	CD_7_long.contigs.assembly.bracken_S.txt_num	CD_7_long.contigs.assembly.bracken_S.txt_frac	CD_7_short.contigs.assembly.bracken_S.txt_num	CD_7_short.contigs.assembly.bracken_S.txt_frac	CD_7_short.scaffolds.assembly.bracken_S.txt_num	CD_7_short.scaffolds.assembly.bracken_S.txt_frac	TD_31_short.contigs.assembly.bracken_S.txt_num	TD_31_short.contigs.assembly.bracken_S.txt_frac	TD_31_short.scaffolds.assembly.bracken_S.txt_num	TD_31_short.scaffolds.assembly.bracken_S.txt_frac	TD_92_long.contigs.assembly.bracken_S.txt_num	TD_92_long.contigs.assembly.bracken_S.txt_frac	TD_92_short.contigs.assembly.bracken_S.txt_num	TD_92_short.contigs.assembly.bracken_S.txt_frac	TD_92_short.scaffolds.assembly.bracken_S.txt_num	TD_92_short.scaffolds.assembly.bracken_S.txt_frac
Lachnospira eligens	39485	S	24	0.17021	481	0.02625	479	0.02650	782	0.07822	781	0.07885	13	0.03714	137	0.01361	136	0.01421
Agathobacter rectalis	39491	S	20	0.14184	225	0.01228	225	0.01245	423	0.04231	412	0.04160	0	0.00000	80	0.00795	80	0.00836
Vescimonas fastidiosa	2714353	S	67	0.47518	932	0.05085	926	0.05123	554	0.05542	550	0.05553	0	0.00000	178	0.01768	176	0.01839
Bacteroides finegoldii	338188	S	30	0.21277	1384	0.07552	1380	0.07634	1158	0.11583	1126	0.11368	98	0.28000	523	0.05194	519	0.05424
Klebsiella pneumoniae	573	S	0	0.00000	6768	0.36929	6713	0.37138	57	0.00570	57	0.00575	0	0.00000	65	0.00646	67	0.00700
Klebsiella variicola	244366	S	0	0.00000	652	0.03558	647	0.03579	18	0.00180	18	0.00182	0	0.00000	0	0.00000	0	0.00000
Klebsiella oxytoca	571	S	0	0.00000	25	0.00136	23	0.00127	0	0.00000	0	0.00000	0	0.00000	33	0.00328	28	0.00293
Klebsiella michiganensis	1134687	S	0	0.00000	12	0.00065	12	0.00066	0	0.00000	0	0.00000	0	0.00000	0	0.00000	0	0.00000
Klebsiella quasipneumoniae	1463165	S	0	0.00000	13	0.00071	13	0.00072	0	0.00000	0	0.00000	0	0.00000	0	0.00000	0	0.00000
Escherichia coli	562	S	0	0.00000	2683	0.14640	2545	0.14079	2796	0.27968	2788	0.28147	129	0.36857	3761	0.37352	3365	0.35169
Enterobacter hormaechei	158836	S	0	0.00000	75	0.00409	75	0.00415	130	0.01300	130	0.01312	0	0.00000	1048	0.10408	1060	0.11079
Salmonella enterica	28901	S	0	0.00000	13	0.00071	0	0.00000	0	0.00000	0	0.00000	0	0.00000	14	0.00139	14	0.00146
Serratia marcescens	615	S	0	0.00000	18	0.00098	18	0.00100	0	0.00000	0	0.00000	0	0.00000	0	0.00000	0	0.00000
Pseudomonas sp. A2	107445	S	0	0.00000	12	0.00065	11	0.00061	0	0.00000	0	0.00000	0	0.00000	0	0.00000	0	0.00000
Pseudomonas aeruginosa	287	S	0	0.00000	11	0.00060	11	0.00061	0	0.00000	0	0.00000	0	0.00000	0	0.00000	0	0.00000
Pusillibacter faecalis	2714358	S	0	0.00000	132	0.00720	131	0.00725	106	0.01060	106	0.01070	0	0.00000	59	0.00586	59	0.00617
Clostridium perfringens	1502	S	0	0.00000	200	0.01091	199	0.01101	81	0.00810	81	0.00818	0	0.00000	57	0.00566	56	0.00585
Clostridium butyricum	1492	S	0	0.00000	22	0.00120	21	0.00116	16	0.00160	15	0.00151	0	0.00000	0	0.00000	0	0.00000
Clostridium estertheticum	238834	S	0	0.00000	15	0.00082	15	0.00083	18	0.00180	18	0.00182	0	0.00000	0	0.00000	0	0.00000
Butyricicoccus sp. GAM44	2109686	S	0	0.00000	24	0.00131	24	0.00133	0	0.00000	0	0.00000	0	0.00000	18	0.00179	18	0.00188
Roseburia sp. 831b	1261635	S	0	0.00000	38	0.00207	37	0.00205	43	0.00430	43	0.00434	0	0.00000	22	0.00218	22	0.00230
Butyrivibrio fibrisolvens	831	S	0	0.00000	18	0.00098	18	0.00100	31	0.00310	31	0.00313	0	0.00000	0	0.00000	0	0.00000
Blautia hydrogenotrophica	53443	S	0	0.00000	31	0.00169	31	0.00171	0	0.00000	0	0.00000	0	0.00000	0	0.00000	0	0.00000
Sporofaciens musculi	2681861	S	0	0.00000	10	0.00055	10	0.00055	11	0.00110	11	0.00111	0	0.00000	0	0.00000	0	0.00000
Clostridioides difficile	1496	S	0	0.00000	258	0.01408	257	0.01422	364	0.03641	362	0.03655	0	0.00000	121	0.01202	121	0.01265
Paraclostridium bifermentans	1490	S	0	0.00000	23	0.00125	23	0.00127	27	0.00270	26	0.00262	0	0.00000	0	0.00000	0	0.00000
Paraclostridium sordellii	1505	S	0	0.00000	14	0.00076	14	0.00077	0	0.00000	0	0.00000	0	0.00000	0	0.00000	0	0.00000
Monoglobus pectinilyticus	1981510	S	0	0.00000	169	0.00922	166	0.00918	167	0.01671	166	0.01676	0	0.00000	56	0.00556	55	0.00575
Enterococcus faecium	1352	S	0	0.00000	220	0.01200	217	0.01200	461	0.04611	461	0.04654	40	0.11429	1509	0.14987	1420	0.14841
Enterococcus sp. FDAARGOS_553	2420313	S	0	0.00000	29	0.00158	30	0.00166	17	0.00170	17	0.00172	0	0.00000	23	0.00228	23	0.00240
Enterococcus faecalis	1351	S	0	0.00000	50	0.00273	50	0.00277	102	0.01020	102	0.01030	0	0.00000	46	0.00457	45	0.00470
Streptococcus salivarius	1304	S	0	0.00000	18	0.00098	18	0.00100	186	0.01861	186	0.01878	0	0.00000	357	0.03546	347	0.03627
Streptococcus oralis	1303	S	0	0.00000	17	0.00093	17	0.00094	18	0.00180	18	0.00182	0	0.00000	22	0.00218	21	0.00219
Lactiplantibacillus plantarum	1590	S	0	0.00000	24	0.00131	24	0.00133	0	0.00000	0	0.00000	0	0.00000	48	0.00477	45	0.00470
Staphylococcus aureus	1280	S	0	0.00000	156	0.00851	156	0.00863	89	0.00890	89	0.00899	0	0.00000	0	0.00000	0	0.00000
Actinomyces oris	544580	S	0	0.00000	86	0.00469	86	0.00476	33	0.00330	33	0.00333	0	0.00000	73	0.00725	73	0.00763
Tsukamurella tyrosinosolvens	57704	S	0	0.00000	60	0.00327	60	0.00332	48	0.00480	48	0.00485	0	0.00000	41	0.00407	41	0.00429
Nocardia farcinica	37329	S	0	0.00000	12	0.00065	12	0.00066	0	0.00000	0	0.00000	0	0.00000	0	0.00000	0	0.00000
Nonomuraea gerenzanensis	93944	S	0	0.00000	18	0.00098	18	0.00100	10	0.00100	10	0.00101	0	0.00000	0	0.00000	0	0.00000
Bifidobacterium longum	216816	S	0	0.00000	15	0.00082	15	0.00083	0	0.00000	0	0.00000	0	0.00000	0	0.00000	0	0.00000
Collinsella aerofaciens	74426	S	0	0.00000	127	0.00693	125	0.00692	44	0.00440	44	0.00444	0	0.00000	0	0.00000	0	0.00000
Bacteroides thetaiotaomicron	818	S	0	0.00000	227	0.01239	226	0.01250	115	0.01150	115	0.01161	0	0.00000	49	0.00487	48	0.00502
Bacteroides ovatus	28116	S	0	0.00000	129	0.00704	128	0.00708	162	0.01620	162	0.01636	19	0.05429	60	0.00596	60	0.00627
Bacteroides fragilis	817	S	0	0.00000	248	0.01353	249	0.01378	444	0.04441	443	0.04472	14	0.04000	165	0.01639	163	0.01704
Bacteroides sp. CACC 737	2755405	S	0	0.00000	25	0.00136	25	0.00138	42	0.00420	42	0.00424	0	0.00000	10	0.00099	10	0.00105
Bacteroides uniformis	820	S	0	0.00000	17	0.00093	17	0.00094	45	0.00450	42	0.00424	0	0.00000	0	0.00000	0	0.00000
Phocaeicola dorei	357276	S	0	0.00000	71	0.00387	71	0.00393	42	0.00420	43	0.00434	0	0.00000	0	0.00000	0	0.00000
Phocaeicola vulgatus	821	S	0	0.00000	29	0.00158	29	0.00160	0	0.00000	0	0.00000	0	0.00000	0	0.00000	0	0.00000
Parabacteroides distasonis	823	S	0	0.00000	1237	0.06750	1232	0.06816	449	0.04491	443	0.04472	37	0.10571	237	0.02354	234	0.02446
Segatella copri	165179	S	0	0.00000	163	0.00889	163	0.00902	0	0.00000	0	0.00000	0	0.00000	13	0.00129	13	0.00136
Segatella hominis	2518605	S	0	0.00000	54	0.00295	52	0.00288	0	0.00000	0	0.00000	0	0.00000	0	0.00000	0	0.00000
Prevotella sp. oral taxon 299	652716	S	0	0.00000	15	0.00082	15	0.00083	0	0.00000	0	0.00000	0	0.00000	0	0.00000	0	0.00000
Alistipes indistinctus	626932	S	0	0.00000	19	0.00104	17	0.00094	0	0.00000	0	0.00000	0	0.00000	0	0.00000	0	0.00000
Campylobacter jejuni	197	S	0	0.00000	45	0.00246	45	0.00249	39	0.00390	39	0.00394	0	0.00000	14	0.00139	13	0.00136
Campylobacter coli	195	S	0	0.00000	23	0.00125	23	0.00127	47	0.00470	47	0.00475	0	0.00000	19	0.00189	20	0.00209
Fusobacterium vincentii	155615	S	0	0.00000	16	0.00087	15	0.00083	20	0.00200	19	0.00192	0	0.00000	15	0.00149	15	0.00157
Methanobrevibacter smithii	2173	S	0	0.00000	312	0.01702	312	0.01726	0	0.00000	0	0.00000	0	0.00000	0	0.00000	0	0.00000
Methanosphaera stadtmanae	2317	S	0	0.00000	138	0.00753	138	0.00763	0	0.00000	0	0.00000	0	0.00000	0	0.00000	0	0.00000
Homo sapiens	9606	S	0	0.00000	297	0.01621	298	0.01649	331	0.03311	326	0.03291	0	0.00000	214	0.02125	215	0.02247
Carjivirus communis	2955582	S	0	0.00000	115	0.00627	113	0.00625	71	0.00710	71	0.00717	0	0.00000	0	0.00000	0	0.00000
Carjivirus hominis	2955583	S	0	0.00000	21	0.00115	20	0.00111	0	0.00000	0	0.00000	0	0.00000	0	0.00000	0	0.00000
Toutatisvirus toutatis	2734150	S	0	0.00000	19	0.00104	19	0.00105	22	0.00220	22	0.00222	0	0.00000	0	0.00000	0	0.00000
Oengusvirus oengus	2734262	S	0	0.00000	17	0.00093	17	0.00094	0	0.00000	0	0.00000	0	0.00000	0	0.00000	0	0.00000
Clostridium sp. M62/1	411486	S	0	0.00000	0	0.00000	0	0.00000	16	0.00160	16	0.00162	0	0.00000	0	0.00000	0	0.00000
Enterococcus raffinosus	71452	S	0	0.00000	0	0.00000	0	0.00000	11	0.00110	11	0.00111	0	0.00000	122	0.01212	122	0.01275
Streptococcus sp. FDAARGOS_192	1839799	S	0	0.00000	0	0.00000	0	0.00000	38	0.00380	38	0.00384	0	0.00000	0	0.00000	0	0.00000
Lactococcus lactis	1358	S	0	0.00000	0	0.00000	0	0.00000	41	0.00410	41	0.00414	0	0.00000	23	0.00228	23	0.00240
Limosilactobacillus reuteri	1598	S	0	0.00000	0	0.00000	0	0.00000	64	0.00640	63	0.00636	0	0.00000	55	0.00546	55	0.00575
Brevibacillus laterosporus	1465	S	0	0.00000	0	0.00000	0	0.00000	13	0.00130	0	0.00000	0	0.00000	0	0.00000	0	0.00000
Listeria monocytogenes	1639	S	0	0.00000	0	0.00000	0	0.00000	43	0.00430	42	0.00424	0	0.00000	0	0.00000	0	0.00000
Curtobacterium sp. MCSS17_016	2175644	S	0	0.00000	0	0.00000	0	0.00000	16	0.00160	16	0.00162	0	0.00000	0	0.00000	0	0.00000
Enterobacter cloacae	550	S	0	0.00000	0	0.00000	0	0.00000	68	0.00680	68	0.00687	0	0.00000	410	0.04072	414	0.04327
Enterobacter sp. LU1	1848517	S	0	0.00000	0	0.00000	0	0.00000	15	0.00150	15	0.00151	0	0.00000	130	0.01291	130	0.01359
Aeromonas salmonicida	645	S	0	0.00000	0	0.00000	0	0.00000	13	0.00130	13	0.00131	0	0.00000	0	0.00000	0	0.00000
Brussowvirus 20617	3059794	S	0	0.00000	0	0.00000	0	0.00000	40	0.00400	39	0.00394	0	0.00000	0	0.00000	0	0.00000
Escherichia fergusonii	564	S	0	0.00000	0	0.00000	0	0.00000	0	0.00000	0	0.00000	0	0.00000	25	0.00248	26	0.00272
Enterococcus gilvus	160453	S	0	0.00000	0	0.00000	0	0.00000	0	0.00000	0	0.00000	0	0.00000	14	0.00139	14	0.00146
Pediococcus sp. AC40	2962679	S	0	0.00000	0	0.00000	0	0.00000	0	0.00000	0	0.00000	0	0.00000	35	0.00348	34	0.00355
Bacillus thuringiensis	1428	S	0	0.00000	0	0.00000	0	0.00000	0	0.00000	0	0.00000	0	0.00000	19	0.00189	19	0.00199
Bacillus pacificus	2026187	S	0	0.00000	0	0.00000	0	0.00000	0	0.00000	0	0.00000	0	0.00000	23	0.00228	23	0.00240
Bacillus sp. N5-665	2925318	S	0	0.00000	0	0.00000	0	0.00000	0	0.00000	0	0.00000	0	0.00000	59	0.00586	59	0.00617
Enterocloster bolteae	208479	S	0	0.00000	0	0.00000	0	0.00000	0	0.00000	0	0.00000	0	0.00000	57	0.00566	57	0.00596
Streptomyces sp. T12	477697	S	0	0.00000	0	0.00000	0	0.00000	0	0.00000	0	0.00000	0	0.00000	10	0.00099	10	0.00105
