name	taxonomy_id	taxonomy_lvl	CD_7_long.contigs.assembly.bracken_G.txt_num	CD_7_long.contigs.assembly.bracken_G.txt_frac	CD_7_short.contigs.assembly.bracken_G.txt_num	CD_7_short.contigs.assembly.bracken_G.txt_frac	CD_7_short.scaffolds.assembly.bracken_G.txt_num	CD_7_short.scaffolds.assembly.bracken_G.txt_frac	TD_31_short.contigs.assembly.bracken_G.txt_num	TD_31_short.contigs.assembly.bracken_G.txt_frac	TD_31_short.scaffolds.assembly.bracken_G.txt_num	TD_31_short.scaffolds.assembly.bracken_G.txt_frac	TD_92_long.contigs.assembly.bracken_G.txt_num	TD_92_long.contigs.assembly.bracken_G.txt_frac	TD_92_short.contigs.assembly.bracken_G.txt_num	TD_92_short.contigs.assembly.bracken_G.txt_frac	TD_92_short.scaffolds.assembly.bracken_G.txt_num	TD_92_short.scaffolds.assembly.bracken_G.txt_frac
Lachnospira	28050	G	24	0.15789	481	0.02546	479	0.02572	782	0.07572	781	0.07639	13	0.03683	137	0.01322	136	0.01380
Agathobacter	1766253	G	20	0.13158	225	0.01191	225	0.01208	423	0.04096	412	0.04030	0	0.00000	80	0.00772	80	0.00812
Vescimonas	2892396	G	44	0.28947	933	0.04938	927	0.04978	553	0.05355	549	0.05370	0	0.00000	178	0.01717	176	0.01786
Bacteroides	816	G	64	0.42105	2054	0.10871	2049	0.11003	2000	0.19367	1966	0.19229	133	0.37677	824	0.07950	816	0.08278
Klebsiella	570	G	0	0.00000	7475	0.39561	7414	0.39811	84	0.00813	84	0.00822	0	0.00000	109	0.01052	107	0.01086
Escherichia	561	G	0	0.00000	2682	0.14194	2545	0.13666	2792	0.27036	2785	0.27240	130	0.36827	3779	0.36459	3383	0.34321
Enterobacter	547	G	0	0.00000	90	0.00476	90	0.00483	226	0.02188	226	0.02210	0	0.00000	1602	0.15456	1618	0.16415
Salmonella	590	G	0	0.00000	13	0.00069	0	0.00000	0	0.00000	0	0.00000	0	0.00000	15	0.00145	15	0.00152
Serratia	613	G	0	0.00000	18	0.00095	18	0.00097	0	0.00000	0	0.00000	0	0.00000	0	0.00000	0	0.00000
Pseudomonas	286	G	0	0.00000	28	0.00148	27	0.00145	10	0.00097	10	0.00098	0	0.00000	0	0.00000	0	0.00000
Aeromonas	642	G	0	0.00000	12	0.00064	11	0.00059	18	0.00174	17	0.00166	0	0.00000	14	0.00135	14	0.00142
Rhizobium	379	G	0	0.00000	33	0.00175	33	0.00177	22	0.00213	21	0.00205	0	0.00000	0	0.00000	0	0.00000
Sinorhizobium	28105	G	0	0.00000	77	0.00408	77	0.00413	0	0.00000	0	0.00000	0	0.00000	0	0.00000	0	0.00000
Paracoccus	265	G	0	0.00000	121	0.00640	119	0.00639	0	0.00000	0	0.00000	0	0.00000	0	0.00000	0	0.00000
Azospirillum	191	G	0	0.00000	21	0.00111	21	0.00113	10	0.00097	0	0.00000	0	0.00000	0	0.00000	0	0.00000
Burkholderia	32008	G	0	0.00000	19	0.00101	0	0.00000	0	0.00000	0	0.00000	0	0.00000	0	0.00000	0	0.00000
Pusillibacter	2892397	G	0	0.00000	132	0.00699	131	0.00703	106	0.01026	106	0.01037	0	0.00000	59	0.00569	59	0.00599
Clostridium	1485	G	0	0.00000	253	0.01339	250	0.01342	129	0.01249	128	0.01252	0	0.00000	84	0.00810	82	0.00832
Butyricicoccus	580596	G	0	0.00000	24	0.00127	24	0.00129	0	0.00000	0	0.00000	0	0.00000	18	0.00174	18	0.00183
Roseburia	841	G	0	0.00000	38	0.00201	37	0.00199	43	0.00416	43	0.00421	0	0.00000	22	0.00212	22	0.00223
Butyrivibrio	830	G	0	0.00000	23	0.00122	23	0.00124	33	0.00320	33	0.00323	0	0.00000	0	0.00000	0	0.00000
Blautia	572511	G	0	0.00000	30	0.00159	30	0.00161	0	0.00000	0	0.00000	0	0.00000	0	0.00000	0	0.00000
Sporofaciens	2811390	G	0	0.00000	10	0.00053	10	0.00054	11	0.00107	11	0.00108	0	0.00000	0	0.00000	0	0.00000
Clostridioides	1870884	G	0	0.00000	258	0.01365	257	0.01380	365	0.03534	363	0.03550	0	0.00000	121	0.01167	121	0.01228
Paraclostridium	1849822	G	0	0.00000	38	0.00201	38	0.00204	34	0.00329	33	0.00323	0	0.00000	0	0.00000	0	0.00000
Monoglobus	2039302	G	0	0.00000	169	0.00894	166	0.00891	167	0.01617	166	0.01624	0	0.00000	56	0.00540	55	0.00558
Enterococcus	1350	G	0	0.00000	275	0.01455	273	0.01466	605	0.05858	606	0.05927	40	0.11331	1731	0.16700	1641	0.16648
Streptococcus	1301	G	0	0.00000	52	0.00275	52	0.00279	258	0.02498	258	0.02523	0	0.00000	402	0.03878	389	0.03946
Lactococcus	1357	G	0	0.00000	48	0.00254	48	0.00258	77	0.00746	76	0.00743	0	0.00000	38	0.00367	38	0.00386
Lactiplantibacillus	2767842	G	0	0.00000	25	0.00132	25	0.00134	0	0.00000	0	0.00000	0	0.00000	46	0.00444	44	0.00446
Bacillus	1386	G	0	0.00000	42	0.00222	42	0.00226	40	0.00387	39	0.00381	0	0.00000	102	0.00984	104	0.01055
Paenibacillus	44249	G	0	0.00000	12	0.00064	12	0.00064	15	0.00145	15	0.00147	0	0.00000	0	0.00000	0	0.00000
Staphylococcus	1279	G	0	0.00000	94	0.00497	94	0.00505	68	0.00658	68	0.00665	0	0.00000	43	0.00415	43	0.00436
Actinomyces	1654	G	0	0.00000	86	0.00455	86	0.00462	33	0.00320	33	0.00323	0	0.00000	73	0.00704	73	0.00741
Tsukamurella	2060	G	0	0.00000	60	0.00318	60	0.00322	48	0.00465	48	0.00469	0	0.00000	41	0.00396	41	0.00416
Nocardia	1817	G	0	0.00000	12	0.00064	12	0.00064	0	0.00000	0	0.00000	0	0.00000	0	0.00000	0	0.00000
Streptomyces	1883	G	0	0.00000	26	0.00138	26	0.00140	0	0.00000	0	0.00000	0	0.00000	20	0.00193	20	0.00203
Cutibacterium	1912216	G	0	0.00000	89	0.00471	89	0.00478	29	0.00281	29	0.00284	0	0.00000	0	0.00000	0	0.00000
Nonomuraea	83681	G	0	0.00000	18	0.00095	18	0.00097	10	0.00097	10	0.00098	0	0.00000	0	0.00000	0	0.00000
Bifidobacterium	1678	G	0	0.00000	15	0.00079	15	0.00081	0	0.00000	0	0.00000	0	0.00000	0	0.00000	0	0.00000
Collinsella	102106	G	0	0.00000	127	0.00672	125	0.00671	44	0.00426	44	0.00430	0	0.00000	0	0.00000	0	0.00000
Phocaeicola	909656	G	0	0.00000	99	0.00524	99	0.00532	55	0.00533	55	0.00538	0	0.00000	13	0.00125	13	0.00132
Parabacteroides	375288	G	0	0.00000	1232	0.06520	1226	0.06583	432	0.04183	426	0.04167	37	0.10482	235	0.02267	231	0.02344
Segatella	2974251	G	0	0.00000	217	0.01148	216	0.01160	10	0.00097	10	0.00098	0	0.00000	17	0.00164	17	0.00172
Prevotella	838	G	0	0.00000	22	0.00116	22	0.00118	16	0.00155	16	0.00156	0	0.00000	17	0.00164	17	0.00172
Alistipes	239759	G	0	0.00000	19	0.00101	17	0.00091	0	0.00000	0	0.00000	0	0.00000	0	0.00000	0	0.00000
Campylobacter	194	G	0	0.00000	68	0.00360	68	0.00365	87	0.00842	87	0.00851	0	0.00000	36	0.00347	35	0.00355
Fusobacterium	848	G	0	0.00000	16	0.00085	15	0.00081	20	0.00194	19	0.00186	0	0.00000	15	0.00145	15	0.00152
Methanobrevibacter	2172	G	0	0.00000	345	0.01826	345	0.01853	0	0.00000	0	0.00000	0	0.00000	0	0.00000	0	0.00000
Methanosphaera	2316	G	0	0.00000	138	0.00730	138	0.00741	0	0.00000	0	0.00000	0	0.00000	0	0.00000	0	0.00000
Homo	9605	G	0	0.00000	296	0.01567	297	0.01595	331	0.03205	326	0.03189	0	0.00000	210	0.02026	211	0.02141
Carjivirus	2948652	G	0	0.00000	137	0.00725	134	0.00720	80	0.00775	80	0.00782	0	0.00000	0	0.00000	0	0.00000
Afonbuvirus	2942989	G	0	0.00000	16	0.00085	16	0.00086	0	0.00000	0	0.00000	0	0.00000	0	0.00000	0	0.00000
Buchavirus	2942994	G	0	0.00000	16	0.00085	16	0.00086	0	0.00000	0	0.00000	0	0.00000	0	0.00000	0	0.00000
Toutatisvirus	2733138	G	0	0.00000	19	0.00101	19	0.00102	22	0.00213	22	0.00215	0	0.00000	0	0.00000	0	0.00000
Oengusvirus	2733199	G	0	0.00000	17	0.00090	17	0.00091	0	0.00000	0	0.00000	0	0.00000	0	0.00000	0	0.00000
Limosilactobacillus	2742598	G	0	0.00000	0	0.00000	0	0.00000	58	0.00562	57	0.00558	0	0.00000	49	0.00473	44	0.00446
Niallia	2837506	G	0	0.00000	0	0.00000	0	0.00000	21	0.00203	21	0.00205	0	0.00000	0	0.00000	0	0.00000
Brevibacillus	55080	G	0	0.00000	0	0.00000	0	0.00000	13	0.00126	0	0.00000	0	0.00000	0	0.00000	0	0.00000
Listeria	1637	G	0	0.00000	0	0.00000	0	0.00000	48	0.00465	47	0.00460	0	0.00000	0	0.00000	0	0.00000
Kurthia	1649	G	0	0.00000	0	0.00000	0	0.00000	12	0.00116	12	0.00117	0	0.00000	0	0.00000	0	0.00000
Curtobacterium	2034	G	0	0.00000	0	0.00000	0	0.00000	16	0.00155	16	0.00156	0	0.00000	0	0.00000	0	0.00000
Brussowvirus	1623303	G	0	0.00000	0	0.00000	0	0.00000	37	0.00358	36	0.00352	0	0.00000	22	0.00212	22	0.00223
Moineauvirus	1623304	G	0	0.00000	0	0.00000	0	0.00000	34	0.00329	34	0.00333	0	0.00000	0	0.00000	0	0.00000
Pediococcus	1253	G	0	0.00000	0	0.00000	0	0.00000	0	0.00000	0	0.00000	0	0.00000	45	0.00434	44	0.00446
Lactobacillus	1578	G	0	0.00000	0	0.00000	0	0.00000	0	0.00000	0	0.00000	0	0.00000	29	0.00280	30	0.00304
Weissella	46255	G	0	0.00000	0	0.00000	0	0.00000	0	0.00000	0	0.00000	0	0.00000	11	0.00106	11	0.00112
Enterocloster	2719313	G	0	0.00000	0	0.00000	0	0.00000	0	0.00000	0	0.00000	0	0.00000	57	0.00550	57	0.00578
Peduovirus	140410	G	0	0.00000	0	0.00000	0	0.00000	0	0.00000	0	0.00000	0	0.00000	15	0.00145	15	0.00152
