name	taxonomy_id	taxonomy_lvl	CD_7_long.bracken_G.txt_num	CD_7_long.bracken_G.txt_frac	CD_7_short.bracken_G.txt_num	CD_7_short.bracken_G.txt_frac	TD_31_long.bracken_G.txt_num	TD_31_long.bracken_G.txt_frac	TD_31_short.bracken_G.txt_num	TD_31_short.bracken_G.txt_frac	TD_92_long.bracken_G.txt_num	TD_92_long.bracken_G.txt_frac	TD_92_short.bracken_G.txt_num	TD_92_short.bracken_G.txt_frac
Agathobacter	1766253	G	1654	0.07569	48159	0.04350	800	0.02672	16139	0.00804	208	0.00274	22932	0.01044
Lachnospira	28050	G	1446	0.06617	61306	0.05538	1405	0.04692	16093	0.00802	669	0.00883	31906	0.01452
Roseburia	841	G	68	0.00311	6034	0.00545	30	0.00100	1593	0.00079	49	0.00065	6985	0.00318
Blautia	572511	G	54	0.00247	4129	0.00373	183	0.00611	3705	0.00185	0	0.00000	65	0.00003
Vescimonas	2892396	G	1669	0.07638	134759	0.12173	1717	0.05734	35865	0.01786	532	0.00702	39934	0.01818
Pusillibacter	2892397	G	375	0.01716	20931	0.01891	131	0.00438	7949	0.00396	20	0.00026	4881	0.00222
Clostridium	1485	G	1182	0.05409	43542	0.03933	1221	0.04078	13335	0.00664	435	0.00574	21451	0.00976
Sarcina	1266	G	44	0.00201	0	0.00000	0	0.00000	0	0.00000	0	0.00000	0	0.00000
Butyricicoccus	580596	G	33	0.00151	335	0.00030	77	0.00257	728	0.00036	0	0.00000	63	0.00003
Clostridioides	1870884	G	457	0.02091	27142	0.02452	284	0.00949	9526	0.00474	237	0.00313	30265	0.01378
Paraclostridium	1849822	G	18	0.00082	520	0.00047	14	0.00047	291	0.00014	21	0.00028	2715	0.00124
Monoglobus	2039302	G	61	0.00279	25948	0.02344	190	0.00635	9043	0.00450	55	0.00073	13234	0.00602
Enterococcus	1350	G	1297	0.05935	40062	0.03619	1061	0.03544	22538	0.01123	1354	0.01787	112815	0.05135
Streptococcus	1301	G	46	0.00211	607	0.00055	72	0.00240	4510	0.00225	53	0.00070	6295	0.00287
Lactobacillus	1578	G	319	0.01460	5212	0.00471	294	0.00982	3935	0.00196	0	0.00000	2393	0.00109
Pediococcus	1253	G	14	0.00064	164	0.00015	0	0.00000	232	0.00012	0	0.00000	661	0.00030
Collinsella	102106	G	4309	0.19719	105694	0.09548	15	0.00050	1937	0.00096	30	0.00040	3252	0.00148
Glutamicibacter	1742989	G	81	0.00371	6545	0.00591	0	0.00000	0	0.00000	56	0.00074	3133	0.00143
Cutibacterium	1912216	G	41	0.00188	6369	0.00575	15	0.00050	1274	0.00063	20	0.00026	3325	0.00151
Bacteroides	816	G	2640	0.12081	114773	0.10368	13868	0.46316	1136751	0.56622	37635	0.49662	757136	0.34462
Phocaeicola	909656	G	231	0.01057	1298	0.00117	264	0.00882	17810	0.00887	138	0.00182	1556	0.00071
Parabacteroides	375288	G	956	0.04375	22902	0.02069	5138	0.17160	522005	0.26001	24058	0.31746	330340	0.15036
Segatella	2974251	G	34	0.00156	11731	0.01060	314	0.01049	15371	0.00766	209	0.00276	1854	0.00084
Escherichia	561	G	800	0.03661	120170	0.10856	543	0.01814	16630	0.00828	9065	0.11962	547120	0.24903
Klebsiella	570	G	1120	0.05125	61605	0.05565	123	0.00411	2018	0.00101	138	0.00182	9449	0.00430
Campylobacter	194	G	312	0.01428	29093	0.02628	384	0.01282	9257	0.00461	72	0.00095	4691	0.00214
Homo	9605	G	726	0.03322	20261	0.01830	689	0.02301	37939	0.01890	352	0.00464	43492	0.01980
Buorbuivirus	2948644	G	640	0.02929	0	0.00000	0	0.00000	0	0.00000	0	0.00000	0	0.00000
Aurodevirus	2946811	G	194	0.00888	14	0.00001	0	0.00000	0	0.00000	0	0.00000	0	0.00000
Afonbuvirus	2942989	G	10	0.00046	46	0.00004	0	0.00000	11	0.00001	0	0.00000	0	0.00000
Kingevirus	2948785	G	306	0.01400	0	0.00000	0	0.00000	0	0.00000	0	0.00000	0	0.00000
Junduvirus	2948774	G	145	0.00664	16	0.00001	0	0.00000	0	0.00000	0	0.00000	0	0.00000
Lahndsivirus	2948793	G	261	0.01194	0	0.00000	0	0.00000	0	0.00000	0	0.00000	0	0.00000
Kahnovirus	2942979	G	54	0.00247	0	0.00000	0	0.00000	0	0.00000	0	0.00000	0	0.00000
Kolpuevirus	2948787	G	44	0.00201	0	0.00000	0	0.00000	0	0.00000	0	0.00000	0	0.00000
Toutatisvirus	2733138	G	105	0.00481	1786	0.00161	0	0.00000	714	0.00036	0	0.00000	43	0.00002
Oengusvirus	2733199	G	89	0.00407	811	0.00073	0	0.00000	197	0.00010	0	0.00000	0	0.00000
Taranisvirus	2733134	G	17	0.00078	6383	0.00577	0	0.00000	20	0.00001	0	0.00000	0	0.00000
Ruminococcus	1263	G	0	0.00000	350	0.00032	0	0.00000	109	0.00005	0	0.00000	24	0.00001
Flavonifractor	946234	G	0	0.00000	36	0.00003	44	0.00147	721	0.00036	0	0.00000	86	0.00004
Anaerotruncus	244127	G	0	0.00000	13	0.00001	0	0.00000	0	0.00000	0	0.00000	0	0.00000
Butyrivibrio	830	G	0	0.00000	2195	0.00198	0	0.00000	1373	0.00068	0	0.00000	2574	0.00117
Anaerobutyricum	2569097	G	0	0.00000	1429	0.00129	0	0.00000	66	0.00003	0	0.00000	31	0.00001
Mediterraneibacter	2316020	G	0	0.00000	1074	0.00097	0	0.00000	0	0.00000	0	0.00000	0	0.00000
Sporofaciens	2811390	G	0	0.00000	860	0.00078	0	0.00000	365	0.00018	0	0.00000	994	0.00045
Pseudobutyrivibrio	46205	G	0	0.00000	101	0.00009	0	0.00000	45	0.00002	0	0.00000	10	0.00000
Terrisporobacter	1505652	G	0	0.00000	50	0.00005	0	0.00000	22	0.00001	0	0.00000	24	0.00001
Peptoclostridium	1481960	G	0	0.00000	352	0.00032	0	0.00000	56	0.00003	0	0.00000	200	0.00009
Alkaliphilus	114627	G	0	0.00000	23	0.00002	0	0.00000	19	0.00001	0	0.00000	164	0.00007
Bacillus	1386	G	0	0.00000	5383	0.00486	0	0.00000	1807	0.00090	0	0.00000	5226	0.00238
Peribacillus	2675229	G	0	0.00000	2109	0.00191	0	0.00000	813	0.00040	0	0.00000	1900	0.00086
Priestia	2800373	G	0	0.00000	628	0.00057	0	0.00000	269	0.00013	0	0.00000	680	0.00031
Niallia	2837506	G	0	0.00000	423	0.00038	0	0.00000	211	0.00011	0	0.00000	386	0.00018
Pontibacillus	289201	G	0	0.00000	126	0.00011	0	0.00000	64	0.00003	0	0.00000	174	0.00008
Metabacillus	2675233	G	0	0.00000	144	0.00013	0	0.00000	19	0.00001	0	0.00000	136	0.00006
Anoxybacillus	150247	G	0	0.00000	51	0.00005	0	0.00000	14	0.00001	0	0.00000	23	0.00001
Radiobacillus	2785518	G	0	0.00000	34	0.00003	0	0.00000	69	0.00003	0	0.00000	91	0.00004
Mesobacillus	2675231	G	0	0.00000	23	0.00002	0	0.00000	51	0.00003	0	0.00000	0	0.00000
Cytobacillus	2675230	G	0	0.00000	14	0.00001	0	0.00000	255	0.00013	0	0.00000	25	0.00001
Lysinibacillus	400634	G	0	0.00000	12	0.00001	0	0.00000	29	0.00001	0	0.00000	44	0.00002
Geobacillus	129337	G	0	0.00000	60	0.00005	0	0.00000	0	0.00000	0	0.00000	113	0.00005
Rossellomorea	2837508	G	0	0.00000	20	0.00002	0	0.00000	0	0.00000	0	0.00000	0	0.00000
Parageobacillus	1906945	G	0	0.00000	50	0.00005	0	0.00000	0	0.00000	0	0.00000	0	0.00000
Paenibacillus	44249	G	0	0.00000	6280	0.00567	0	0.00000	1963	0.00098	0	0.00000	3275	0.00149
Brevibacillus	55080	G	0	0.00000	1481	0.00134	0	0.00000	472	0.00024	0	0.00000	1123	0.00051
Staphylococcus	1279	G	0	0.00000	19144	0.01729	58	0.00194	4532	0.00226	0	0.00000	17385	0.00791
Listeria	1637	G	0	0.00000	2264	0.00205	0	0.00000	1086	0.00054	0	0.00000	2242	0.00102
Kurthia	1649	G	0	0.00000	494	0.00045	0	0.00000	97	0.00005	0	0.00000	50	0.00002
Planococcus	1372	G	0	0.00000	135	0.00012	0	0.00000	22	0.00001	0	0.00000	654	0.00030
Exiguobacterium	33986	G	0	0.00000	259	0.00023	0	0.00000	1434	0.00071	0	0.00000	1788	0.00081
Alicyclobacillus	29330	G	0	0.00000	11	0.00001	0	0.00000	0	0.00000	0	0.00000	127	0.00006
Latilactobacillus	2767885	G	0	0.00000	1463	0.00132	0	0.00000	809	0.00040	0	0.00000	1238	0.00056
Levilactobacillus	2767886	G	0	0.00000	1508	0.00136	0	0.00000	326	0.00016	0	0.00000	452	0.00021
Ligilactobacillus	2767887	G	0	0.00000	589	0.00053	0	0.00000	410	0.00020	19	0.00025	230	0.00010
Lactiplantibacillus	2767842	G	0	0.00000	357	0.00032	0	0.00000	518	0.00026	0	0.00000	1181	0.00054
Limosilactobacillus	2742598	G	0	0.00000	781	0.00071	0	0.00000	1687	0.00084	195	0.00257	4675	0.00213
Weissella	46255	G	0	0.00000	23	0.00002	0	0.00000	0	0.00000	0	0.00000	76	0.00003
Leuconostoc	1243	G	0	0.00000	25	0.00002	0	0.00000	39	0.00002	0	0.00000	46	0.00002
Lactococcus	1357	G	0	0.00000	1146	0.00104	20	0.00067	1879	0.00094	0	0.00000	628	0.00029
Finegoldia	150022	G	0	0.00000	354	0.00032	0	0.00000	335	0.00017	0	0.00000	506	0.00023
Anaerococcus	165779	G	0	0.00000	324	0.00029	0	0.00000	112	0.00006	0	0.00000	261	0.00012
Peptoniphilus	162289	G	0	0.00000	20	0.00002	0	0.00000	0	0.00000	0	0.00000	0	0.00000
Selenomonas	970	G	0	0.00000	243	0.00022	0	0.00000	94	0.00005	0	0.00000	281	0.00013
Eggerthella	84111	G	0	0.00000	174	0.00016	0	0.00000	474	0.00024	0	0.00000	0	0.00000
Arthrobacter	1663	G	0	0.00000	2237	0.00202	0	0.00000	530	0.00026	0	0.00000	7762	0.00353
Paenarthrobacter	1742992	G	0	0.00000	261	0.00024	0	0.00000	145	0.00007	0	0.00000	0	0.00000
Micrococcus	1269	G	0	0.00000	97	0.00009	0	0.00000	0	0.00000	0	0.00000	0	0.00000
Kocuria	57493	G	0	0.00000	21	0.00002	0	0.00000	432	0.00022	0	0.00000	256	0.00012
Pseudarthrobacter	1742993	G	0	0.00000	102	0.00009	0	0.00000	0	0.00000	0	0.00000	0	0.00000
Curtobacterium	2034	G	0	0.00000	651	0.00059	0	0.00000	214	0.00011	0	0.00000	916	0.00042
Microbacterium	33882	G	0	0.00000	789	0.00071	0	0.00000	2043	0.00102	0	0.00000	2185	0.00099
Rathayibacter	33886	G	0	0.00000	224	0.00020	0	0.00000	70	0.00003	0	0.00000	0	0.00000
Cellulomonas	1707	G	0	0.00000	335	0.00030	0	0.00000	122	0.00006	0	0.00000	650	0.00030
Brachybacterium	43668	G	0	0.00000	40	0.00004	0	0.00000	0	0.00000	0	0.00000	0	0.00000
Tsukamurella	2060	G	0	0.00000	2610	0.00236	0	0.00000	1436	0.00072	0	0.00000	16071	0.00731
Corynebacterium	1716	G	0	0.00000	12060	0.01089	0	0.00000	288	0.00014	0	0.00000	0	0.00000
Nocardia	1817	G	0	0.00000	1753	0.00158	0	0.00000	673	0.00034	0	0.00000	3916	0.00178
Rhodococcus	1827	G	0	0.00000	719	0.00065	0	0.00000	512	0.00026	0	0.00000	2009	0.00091
Gordonia	2053	G	0	0.00000	259	0.00023	0	0.00000	60	0.00003	0	0.00000	32	0.00001
Mycobacterium	1763	G	0	0.00000	38	0.00003	0	0.00000	11	0.00001	0	0.00000	0	0.00000
Bifidobacterium	1678	G	0	0.00000	6340	0.00573	206	0.00688	1934	0.00096	13	0.00017	2994	0.00136
Streptomyces	1883	G	0	0.00000	3096	0.00280	0	0.00000	1434	0.00071	0	0.00000	5558	0.00253
Kitasatospora	2063	G	0	0.00000	400	0.00036	0	0.00000	20	0.00001	0	0.00000	4261	0.00194
Embleya	2699295	G	0	0.00000	209	0.00019	0	0.00000	92	0.00005	0	0.00000	165	0.00008
Nonomuraea	83681	G	0	0.00000	2150	0.00194	0	0.00000	1021	0.00051	0	0.00000	7144	0.00325
Spongiactinospora	2871671	G	0	0.00000	746	0.00067	0	0.00000	238	0.00012	0	0.00000	1289	0.00059
Actinomadura	1988	G	0	0.00000	17	0.00002	0	0.00000	0	0.00000	0	0.00000	0	0.00000
Actinomyces	1654	G	0	0.00000	1900	0.00172	0	0.00000	497	0.00025	0	0.00000	2781	0.00127
Pseudonocardia	1847	G	0	0.00000	52	0.00005	0	0.00000	16	0.00001	0	0.00000	1807	0.00082
Miltoncostaea	2843200	G	0	0.00000	11	0.00001	0	0.00000	0	0.00000	0	0.00000	18	0.00001
Deinococcus	1298	G	0	0.00000	1580	0.00143	0	0.00000	663	0.00033	0	0.00000	175	0.00008
Thermus	270	G	0	0.00000	40	0.00004	0	0.00000	27	0.00001	0	0.00000	0	0.00000
Meiothermus	65551	G	0	0.00000	11	0.00001	0	0.00000	0	0.00000	0	0.00000	0	0.00000
Leptolyngbya	47251	G	0	0.00000	1245	0.00112	0	0.00000	420	0.00021	0	0.00000	1585	0.00072
Allocoleopsis	2886347	G	0	0.00000	114	0.00010	0	0.00000	77	0.00004	0	0.00000	107	0.00005
Nostoc	1177	G	0	0.00000	36	0.00003	0	0.00000	25	0.00001	0	0.00000	30	0.00001
Anabaena	1163	G	0	0.00000	17	0.00002	0	0.00000	0	0.00000	0	0.00000	40	0.00002
Acaryochloris	155977	G	0	0.00000	17	0.00002	0	0.00000	0	0.00000	0	0.00000	24	0.00001
Mycoplasmopsis	2767358	G	0	0.00000	665	0.00060	0	0.00000	240	0.00012	0	0.00000	49	0.00002
Metamycoplasma	2895509	G	0	0.00000	288	0.00026	0	0.00000	73	0.00004	0	0.00000	77	0.00004
Mesomycoplasma	2923352	G	0	0.00000	446	0.00040	0	0.00000	303	0.00015	0	0.00000	356	0.00016
Thermomicrobium	499	G	0	0.00000	62	0.00006	0	0.00000	18	0.00001	0	0.00000	14	0.00001
Raoultella	160674	G	0	0.00000	68	0.00006	0	0.00000	0	0.00000	0	0.00000	0	0.00000
Enterobacter	547	G	0	0.00000	1164	0.00105	771	0.02575	3584	0.00179	98	0.00129	8951	0.00407
Salmonella	590	G	0	0.00000	498	0.00045	0	0.00000	1827	0.00091	0	0.00000	1174	0.00053
Leclercia	83654	G	0	0.00000	74	0.00007	0	0.00000	0	0.00000	0	0.00000	0	0.00000
Citrobacter	544	G	0	0.00000	74	0.00007	0	0.00000	485	0.00024	0	0.00000	325	0.00015
Shigella	620	G	0	0.00000	84	0.00008	0	0.00000	0	0.00000	0	0.00000	408	0.00019
Phytobacter	447792	G	0	0.00000	16	0.00001	0	0.00000	0	0.00000	0	0.00000	0	0.00000
Serratia	613	G	0	0.00000	755	0.00068	0	0.00000	424	0.00021	0	0.00000	244	0.00011
Rahnella	34037	G	0	0.00000	99	0.00009	0	0.00000	52	0.00003	0	0.00000	76	0.00003
Yersinia	629	G	0	0.00000	32	0.00003	0	0.00000	32	0.00002	0	0.00000	87	0.00004
Proteus	583	G	0	0.00000	310	0.00028	0	0.00000	230	0.00011	0	0.00000	288	0.00013
Providencia	586	G	0	0.00000	60	0.00005	0	0.00000	22	0.00001	0	0.00000	61	0.00003
Pantoea	53335	G	0	0.00000	168	0.00015	0	0.00000	400	0.00020	0	0.00000	296	0.00013
Amphritea	515417	G	0	0.00000	1587	0.00143	0	0.00000	488	0.00024	0	0.00000	879	0.00040
Halomonas	2745	G	0	0.00000	138	0.00012	0	0.00000	55	0.00003	0	0.00000	35	0.00002
Pseudomonas	286	G	0	0.00000	1327	0.00120	0	0.00000	674	0.00034	0	0.00000	932	0.00042
Stutzerimonas	2901164	G	0	0.00000	67	0.00006	0	0.00000	26	0.00001	0	0.00000	404	0.00018
Aeromonas	642	G	0	0.00000	891	0.00080	0	0.00000	1092	0.00054	0	0.00000	1913	0.00087
Xanthomonas	338	G	0	0.00000	731	0.00066	0	0.00000	423	0.00021	0	0.00000	299	0.00014
Stenotrophomonas	40323	G	0	0.00000	51	0.00005	0	0.00000	19	0.00001	0	0.00000	289	0.00013
Acinetobacter	469	G	0	0.00000	636	0.00057	0	0.00000	347	0.00017	0	0.00000	368	0.00017
Enterovibrio	188143	G	0	0.00000	157	0.00014	0	0.00000	10	0.00000	0	0.00000	0	0.00000
Vibrio	662	G	0	0.00000	137	0.00012	0	0.00000	525	0.00026	0	0.00000	143	0.00007
Photobacterium	657	G	0	0.00000	55	0.00005	0	0.00000	38	0.00002	0	0.00000	52	0.00002
Salinivibrio	51366	G	0	0.00000	11	0.00001	0	0.00000	0	0.00000	0	0.00000	0	0.00000
Legionella	445	G	0	0.00000	257	0.00023	0	0.00000	100	0.00005	0	0.00000	173	0.00008
Shewanella	22	G	0	0.00000	64	0.00006	0	0.00000	68	0.00003	0	0.00000	177	0.00008
Pseudoalteromonas	53246	G	0	0.00000	40	0.00004	0	0.00000	54	0.00003	0	0.00000	82	0.00004
Alteromonas	226	G	0	0.00000	12	0.00001	0	0.00000	73	0.00004	0	0.00000	185	0.00008
Pasteurella	745	G	0	0.00000	55	0.00005	0	0.00000	35	0.00002	0	0.00000	326	0.00015
Piscirickettsia	1237	G	0	0.00000	29	0.00003	0	0.00000	17	0.00001	0	0.00000	46	0.00002
Thiothrix	1030	G	0	0.00000	10	0.00001	0	0.00000	59	0.00003	0	0.00000	27	0.00001
Methylomagnum	1760987	G	0	0.00000	10	0.00001	0	0.00000	41	0.00002	0	0.00000	64	0.00003
Rhizobium	379	G	0	0.00000	2712	0.00245	0	0.00000	1424	0.00071	0	0.00000	3368	0.00153
Neorhizobium	1525371	G	0	0.00000	348	0.00031	0	0.00000	213	0.00011	0	0.00000	502	0.00023
Agrobacterium	357	G	0	0.00000	1168	0.00106	0	0.00000	671	0.00033	0	0.00000	2094	0.00095
Pararhizobium	1612611	G	0	0.00000	66	0.00006	0	0.00000	22	0.00001	0	0.00000	18	0.00001
Allorhizobium	78526	G	0	0.00000	82	0.00007	0	0.00000	0	0.00000	0	0.00000	0	0.00000
Pseudorhizobium	1903858	G	0	0.00000	70	0.00006	0	0.00000	0	0.00000	0	0.00000	0	0.00000
Shinella	323620	G	0	0.00000	2883	0.00260	0	0.00000	1294	0.00064	0	0.00000	798	0.00036
Sinorhizobium	28105	G	0	0.00000	1142	0.00103	0	0.00000	752	0.00037	0	0.00000	496	0.00023
Ensifer	106591	G	0	0.00000	200	0.00018	0	0.00000	163	0.00008	0	0.00000	213	0.00010
Ciceribacter	1648508	G	0	0.00000	21	0.00002	0	0.00000	204	0.00010	0	0.00000	29	0.00001
Peteryoungia	2853332	G	0	0.00000	20	0.00002	0	0.00000	0	0.00000	0	0.00000	0	0.00000
Methylobacterium	407	G	0	0.00000	470	0.00042	0	0.00000	376	0.00019	0	0.00000	127	0.00006
Microvirga	186650	G	0	0.00000	161	0.00015	0	0.00000	94	0.00005	0	0.00000	68	0.00003
Methylorubrum	2282523	G	0	0.00000	581	0.00052	0	0.00000	536	0.00027	0	0.00000	2032	0.00092
Mesorhizobium	68287	G	0	0.00000	1241	0.00112	0	0.00000	370	0.00018	0	0.00000	962	0.00044
Phyllobacterium	28100	G	0	0.00000	128	0.00012	0	0.00000	91	0.00005	0	0.00000	102	0.00005
Nitratireductor	245876	G	0	0.00000	85	0.00008	0	0.00000	366	0.00018	0	0.00000	81	0.00004
Aminobacter	31988	G	0	0.00000	551	0.00050	0	0.00000	0	0.00000	0	0.00000	0	0.00000
Bosea	85413	G	0	0.00000	144	0.00013	0	0.00000	41	0.00002	0	0.00000	0	0.00000
Methylosinus	425	G	0	0.00000	125	0.00011	0	0.00000	66	0.00003	0	0.00000	0	0.00000
Methylocystis	133	G	0	0.00000	16	0.00001	0	0.00000	17	0.00001	0	0.00000	14	0.00001
Roseibium	150830	G	0	0.00000	210	0.00019	0	0.00000	125	0.00006	0	0.00000	0	0.00000
Bradyrhizobium	374	G	0	0.00000	154	0.00014	0	0.00000	59	0.00003	0	0.00000	50	0.00002
Afipia	1033	G	0	0.00000	363	0.00033	0	0.00000	0	0.00000	0	0.00000	0	0.00000
Chelatococcus	28209	G	0	0.00000	28	0.00003	0	0.00000	0	0.00000	0	0.00000	0	0.00000
Brucella	234	G	0	0.00000	445	0.00040	0	0.00000	0	0.00000	0	0.00000	104	0.00005
Ochrobactrum	528	G	0	0.00000	10	0.00001	0	0.00000	0	0.00000	0	0.00000	11	0.00001
Lichenihabitans	2723776	G	0	0.00000	13	0.00001	0	0.00000	0	0.00000	0	0.00000	0	0.00000
Paracoccus	265	G	0	0.00000	1475	0.00133	0	0.00000	1064	0.00053	0	0.00000	651	0.00030
Tritonibacter	2083206	G	0	0.00000	519	0.00047	0	0.00000	252	0.00013	0	0.00000	1860	0.00085
Paroceanicella	2683599	G	0	0.00000	566	0.00051	0	0.00000	85	0.00004	0	0.00000	124	0.00006
Thioclava	285107	G	0	0.00000	56	0.00005	0	0.00000	55	0.00003	0	0.00000	127	0.00006
Pacificitalea	2846749	G	0	0.00000	665	0.00060	0	0.00000	0	0.00000	0	0.00000	0	0.00000
Cereibacter	1653176	G	0	0.00000	30	0.00003	0	0.00000	0	0.00000	0	0.00000	22	0.00001
Pseudorhodobacter	238783	G	0	0.00000	22	0.00002	0	0.00000	19	0.00001	0	0.00000	62	0.00003
Aliiroseovarius	1658781	G	0	0.00000	13	0.00001	0	0.00000	0	0.00000	0	0.00000	0	0.00000
Roseicitreum	1209946	G	0	0.00000	13	0.00001	0	0.00000	0	0.00000	0	0.00000	0	0.00000
Haematobacter	366614	G	0	0.00000	191	0.00017	0	0.00000	0	0.00000	0	0.00000	0	0.00000
Qingshengfaniella	2816884	G	0	0.00000	11	0.00001	0	0.00000	0	0.00000	0	0.00000	17	0.00001
Pseudosulfitobacter	2854186	G	0	0.00000	1609	0.00145	0	0.00000	825	0.00041	0	0.00000	493	0.00022
Sulfitobacter	60136	G	0	0.00000	490	0.00044	0	0.00000	416	0.00021	0	0.00000	135	0.00006
Leisingera	191028	G	0	0.00000	83	0.00007	0	0.00000	27	0.00001	0	0.00000	73	0.00003
Ruegeria	97050	G	0	0.00000	60	0.00005	0	0.00000	0	0.00000	0	0.00000	0	0.00000
Salipiger	263377	G	0	0.00000	798	0.00072	0	0.00000	265	0.00013	0	0.00000	6722	0.00306
Phaeobacter	302485	G	0	0.00000	175	0.00016	0	0.00000	42	0.00002	0	0.00000	101	0.00005
Ketogulonicigenium	92944	G	0	0.00000	46	0.00004	0	0.00000	33	0.00002	0	0.00000	0	0.00000
Alloyangia	2919626	G	0	0.00000	14	0.00001	0	0.00000	0	0.00000	0	0.00000	0	0.00000
Roseovarius	74030	G	0	0.00000	342	0.00031	0	0.00000	0	0.00000	0	0.00000	0	0.00000
Azospirillum	191	G	0	0.00000	2369	0.00214	0	0.00000	1669	0.00083	0	0.00000	1371	0.00062
Indioceanicola	2478349	G	0	0.00000	335	0.00030	0	0.00000	0	0.00000	0	0.00000	522	0.00024
Niveispirillum	1543704	G	0	0.00000	60	0.00005	0	0.00000	19	0.00001	0	0.00000	28	0.00001
Skermanella	204447	G	0	0.00000	197	0.00018	0	0.00000	691	0.00034	0	0.00000	193	0.00009
Komagataeibacter	1434011	G	0	0.00000	358	0.00032	0	0.00000	28	0.00001	0	0.00000	66	0.00003
Roseomonas	125216	G	0	0.00000	379	0.00034	0	0.00000	48	0.00002	0	0.00000	221	0.00010
Acetobacter	434	G	0	0.00000	328	0.00030	0	0.00000	1204	0.00060	0	0.00000	144	0.00007
Oecophyllibacter	2791118	G	0	0.00000	93	0.00008	0	0.00000	0	0.00000	0	0.00000	0	0.00000
Thalassospira	168934	G	0	0.00000	63	0.00006	0	0.00000	43	0.00002	0	0.00000	43	0.00002
Novosphingobium	165696	G	0	0.00000	395	0.00036	0	0.00000	385	0.00019	0	0.00000	249	0.00011
Sphingomonas	13687	G	0	0.00000	140	0.00013	0	0.00000	87	0.00004	0	0.00000	288	0.00013
Sphingobium	165695	G	0	0.00000	629	0.00057	0	0.00000	258	0.00013	0	0.00000	603	0.00027
Sphingopyxis	165697	G	0	0.00000	337	0.00030	0	0.00000	0	0.00000	0	0.00000	124	0.00006
Phenylobacterium	20	G	0	0.00000	926	0.00084	0	0.00000	95	0.00005	0	0.00000	106	0.00005
Caulobacter	75	G	0	0.00000	71	0.00006	0	0.00000	13	0.00001	0	0.00000	64	0.00003
Tistrella	171436	G	0	0.00000	241	0.00022	0	0.00000	85	0.00004	0	0.00000	20	0.00001
Burkholderia	32008	G	0	0.00000	1005	0.00091	0	0.00000	656	0.00033	0	0.00000	1018	0.00046
Ralstonia	48736	G	0	0.00000	964	0.00087	0	0.00000	773	0.00039	0	0.00000	1113	0.00051
Cupriavidus	106589	G	0	0.00000	947	0.00086	0	0.00000	552	0.00027	0	0.00000	1443	0.00066
Paraburkholderia	1822464	G	0	0.00000	198	0.00018	0	0.00000	208	0.00010	0	0.00000	192	0.00009
Caballeronia	1827195	G	0	0.00000	297	0.00027	0	0.00000	92	0.00005	0	0.00000	511	0.00023
Variovorax	34072	G	0	0.00000	468	0.00042	0	0.00000	353	0.00018	0	0.00000	474	0.00022
Comamonas	283	G	0	0.00000	1158	0.00105	0	0.00000	1084	0.00054	0	0.00000	297	0.00014
Roseateles	93681	G	0	0.00000	360	0.00033	0	0.00000	276	0.00014	0	0.00000	144	0.00007
Aquincola	391952	G	0	0.00000	152	0.00014	0	0.00000	0	0.00000	0	0.00000	0	0.00000
Ideonella	36862	G	0	0.00000	35	0.00003	0	0.00000	0	0.00000	0	0.00000	0	0.00000
Aquabacterium	92793	G	0	0.00000	20	0.00002	0	0.00000	15	0.00001	0	0.00000	0	0.00000
Chromobacterium	535	G	0	0.00000	949	0.00086	0	0.00000	711	0.00035	0	0.00000	435	0.00020
Neisseria	482	G	0	0.00000	246	0.00022	0	0.00000	295	0.00015	0	0.00000	176	0.00008
Acidithiobacillus	119977	G	0	0.00000	58	0.00005	0	0.00000	22	0.00001	0	0.00000	25	0.00001
Prevotella	838	G	0	0.00000	1232	0.00111	0	0.00000	6359	0.00317	0	0.00000	2659	0.00121
Butyricimonas	574697	G	0	0.00000	1082	0.00098	0	0.00000	4558	0.00227	0	0.00000	1004	0.00046
Muribaculum	1918540	G	0	0.00000	174	0.00016	0	0.00000	572	0.00028	0	0.00000	151	0.00007
Duncaniella	2518495	G	0	0.00000	11	0.00001	0	0.00000	0	0.00000	0	0.00000	0	0.00000
Alistipes	239759	G	0	0.00000	96	0.00009	0	0.00000	85	0.00004	0	0.00000	11	0.00001
Porphyromonas	836	G	0	0.00000	40	0.00004	0	0.00000	257	0.00013	0	0.00000	33	0.00002
Chryseobacterium	59732	G	0	0.00000	552	0.00050	0	0.00000	198	0.00010	0	0.00000	199	0.00009
Riemerella	34084	G	0	0.00000	5557	0.00502	0	0.00000	142	0.00007	0	0.00000	4010	0.00183
Elizabethkingia	308865	G	0	0.00000	10	0.00001	0	0.00000	33	0.00002	0	0.00000	24	0.00001
Christiangramia	292691	G	0	0.00000	180	0.00016	0	0.00000	393	0.00020	0	0.00000	236	0.00011
Flavobacterium	237	G	0	0.00000	20	0.00002	0	0.00000	0	0.00000	0	0.00000	0	0.00000
Persicobacter	59740	G	0	0.00000	155	0.00014	0	0.00000	613	0.00031	0	0.00000	179	0.00008
Aureibacter	1097443	G	0	0.00000	54	0.00005	0	0.00000	56	0.00003	0	0.00000	0	0.00000
Fulvitalea	1434007	G	0	0.00000	15	0.00001	0	0.00000	28	0.00001	0	0.00000	41	0.00002
Hymenobacter	89966	G	0	0.00000	127	0.00011	0	0.00000	560	0.00028	0	0.00000	201	0.00009
Rufibacter	1379908	G	0	0.00000	29	0.00003	0	0.00000	0	0.00000	0	0.00000	0	0.00000
Flammeovirga	59739	G	0	0.00000	110	0.00010	0	0.00000	23	0.00001	0	0.00000	0	0.00000
Chondrinema	3051458	G	0	0.00000	37	0.00003	0	0.00000	315	0.00016	0	0.00000	117	0.00005
Bernardetia	1937972	G	0	0.00000	16	0.00001	0	0.00000	28	0.00001	0	0.00000	82	0.00004
Pedobacter	84567	G	0	0.00000	37	0.00003	0	0.00000	219	0.00011	0	0.00000	140	0.00006
Gemmatirosa	1706036	G	0	0.00000	80	0.00007	0	0.00000	15	0.00001	0	0.00000	213	0.00010
Sulfurovum	265570	G	0	0.00000	37	0.00003	0	0.00000	0	0.00000	0	0.00000	32	0.00001
Fusobacterium	848	G	0	0.00000	2653	0.00240	0	0.00000	802	0.00040	0	0.00000	1098	0.00050
Cetobacterium	180162	G	0	0.00000	207	0.00019	0	0.00000	66	0.00003	0	0.00000	181	0.00008
Ilyobacter	167639	G	0	0.00000	172	0.00016	0	0.00000	50	0.00002	0	0.00000	179	0.00008
Haliovirga	3072462	G	0	0.00000	56	0.00005	0	0.00000	0	0.00000	0	0.00000	155	0.00007
Nitratidesulfovibrio	2802295	G	0	0.00000	67	0.00006	0	0.00000	15	0.00001	0	0.00000	10	0.00000
Solidesulfovibrio	2910984	G	0	0.00000	11	0.00001	0	0.00000	0	0.00000	0	0.00000	0	0.00000
Geoalkalibacter	392332	G	0	0.00000	20	0.00002	0	0.00000	87	0.00004	0	0.00000	84	0.00004
Treponema	157	G	0	0.00000	52	0.00005	0	0.00000	25	0.00001	0	0.00000	20	0.00001
Borrelia	138	G	0	0.00000	20	0.00002	0	0.00000	0	0.00000	0	0.00000	13	0.00001
Borreliella	64895	G	0	0.00000	14	0.00001	0	0.00000	0	0.00000	0	0.00000	0	0.00000
Tautonia	2680020	G	0	0.00000	34	0.00003	0	0.00000	0	0.00000	0	0.00000	46	0.00002
Halomicrobium	203135	G	0	0.00000	568	0.00051	0	0.00000	148	0.00007	0	0.00000	47	0.00002
Halomarina	871740	G	0	0.00000	211	0.00019	0	0.00000	70	0.00003	0	0.00000	27	0.00001
Halorhabdus	146825	G	0	0.00000	207	0.00019	0	0.00000	123	0.00006	0	0.00000	419	0.00019
Haloarcula	2237	G	0	0.00000	281	0.00025	0	0.00000	64	0.00003	0	0.00000	33	0.00002
Halococcoides	2907507	G	0	0.00000	89	0.00008	0	0.00000	41	0.00002	0	0.00000	0	0.00000
Haloglomus	2806252	G	0	0.00000	94	0.00008	0	0.00000	46	0.00002	0	0.00000	33	0.00002
Halosimplex	171163	G	0	0.00000	584	0.00053	0	0.00000	149	0.00007	0	0.00000	246	0.00011
Natronomonas	63743	G	0	0.00000	291	0.00026	0	0.00000	393	0.00020	0	0.00000	190	0.00009
Salinirubellus	2162630	G	0	0.00000	107	0.00010	0	0.00000	0	0.00000	0	0.00000	0	0.00000
Salinibaculum	2732368	G	0	0.00000	148	0.00013	0	0.00000	60	0.00003	0	0.00000	58	0.00003
Halapricum	1542963	G	0	0.00000	65	0.00006	0	0.00000	91	0.00005	0	0.00000	92	0.00004
Halorientalis	1073987	G	0	0.00000	792	0.00072	0	0.00000	320	0.00016	0	0.00000	104	0.00005
Halorarius	3056835	G	0	0.00000	201	0.00018	0	0.00000	79	0.00004	0	0.00000	380	0.00017
Halomicroarcula	1427149	G	0	0.00000	167	0.00015	0	0.00000	119	0.00006	0	0.00000	61	0.00003
Halocatena	2907493	G	0	0.00000	22	0.00002	0	0.00000	27	0.00001	0	0.00000	16	0.00001
Halobaculum	43927	G	0	0.00000	671	0.00061	0	0.00000	1087	0.00054	0	0.00000	848	0.00039
Haloplanus	376170	G	0	0.00000	434	0.00039	0	0.00000	192	0.00010	0	0.00000	39	0.00002
Haloferax	2251	G	0	0.00000	254	0.00023	0	0.00000	82	0.00004	0	0.00000	37	0.00002
Halorubrum	56688	G	0	0.00000	364	0.00033	0	0.00000	126	0.00006	0	0.00000	118	0.00005
Haloprofundus	1911573	G	0	0.00000	109	0.00010	0	0.00000	43	0.00002	0	0.00000	44	0.00002
Salinigranum	1644057	G	0	0.00000	59	0.00005	0	0.00000	32	0.00002	0	0.00000	45	0.00002
Halolamina	1075397	G	0	0.00000	144	0.00013	0	0.00000	0	0.00000	0	0.00000	74	0.00003
Halohasta	1450140	G	0	0.00000	84	0.00008	0	0.00000	0	0.00000	0	0.00000	0	0.00000
Halalkaliarchaeum	2678343	G	0	0.00000	19	0.00002	0	0.00000	19	0.00001	0	0.00000	27	0.00001
Natrinema	88723	G	0	0.00000	299	0.00027	0	0.00000	139	0.00007	0	0.00000	182	0.00008
Salinilacihabitans	3065676	G	0	0.00000	167	0.00015	0	0.00000	42	0.00002	0	0.00000	97	0.00004
Natronococcus	29287	G	0	0.00000	93	0.00008	0	0.00000	30	0.00001	0	0.00000	63	0.00003
Halovivax	332951	G	0	0.00000	51	0.00005	0	0.00000	28	0.00001	0	0.00000	38	0.00002
Haloterrigena	121871	G	0	0.00000	72	0.00007	0	0.00000	195	0.00010	0	0.00000	201	0.00009
Natrarchaeobaculum	2765402	G	0	0.00000	49	0.00004	0	0.00000	20	0.00001	0	0.00000	268	0.00012
Natronorubrum	134813	G	0	0.00000	45	0.00004	0	0.00000	36	0.00002	0	0.00000	48	0.00002
Halosolutus	2993618	G	0	0.00000	28	0.00003	0	0.00000	57	0.00003	0	0.00000	50	0.00002
Natronosalvus	3076685	G	0	0.00000	25	0.00002	0	0.00000	47	0.00002	0	0.00000	36	0.00002
Natronobeatus	3065678	G	0	0.00000	43	0.00004	0	0.00000	31	0.00002	0	0.00000	0	0.00000
Natribaculum	1699375	G	0	0.00000	37	0.00003	0	0.00000	0	0.00000	0	0.00000	0	0.00000
Halobiforma	203193	G	0	0.00000	37	0.00003	0	0.00000	0	0.00000	0	0.00000	0	0.00000
Natrononativus	3065677	G	0	0.00000	15	0.00001	0	0.00000	0	0.00000	0	0.00000	0	0.00000
Natrialba	63742	G	0	0.00000	15	0.00001	0	0.00000	0	0.00000	0	0.00000	0	0.00000
Halorussus	1070314	G	0	0.00000	855	0.00077	0	0.00000	304	0.00015	0	0.00000	1904	0.00087
Haladaptatus	367188	G	0	0.00000	99	0.00009	0	0.00000	71	0.00004	0	0.00000	47	0.00002
Halomicrococcus	2614447	G	0	0.00000	50	0.00005	0	0.00000	0	0.00000	0	0.00000	0	0.00000
Halococcus	2249	G	0	0.00000	175	0.00016	0	0.00000	29	0.00001	0	0.00000	18	0.00001
Halalkalicoccus	332246	G	0	0.00000	116	0.00010	0	0.00000	35	0.00002	0	0.00000	23	0.00001
Halobacterium	2239	G	0	0.00000	603	0.00054	0	0.00000	191	0.00010	0	0.00000	169	0.00008
Halodesulfurarchaeum	1980514	G	0	0.00000	35	0.00003	0	0.00000	27	0.00001	0	0.00000	0	0.00000
Halospeciosus	3116496	G	0	0.00000	224	0.00020	0	0.00000	0	0.00000	0	0.00000	0	0.00000
Salarchaeum	1075398	G	0	0.00000	125	0.00011	0	0.00000	0	0.00000	0	0.00000	111	0.00005
Halanaeroarchaeum	1656823	G	0	0.00000	12	0.00001	0	0.00000	0	0.00000	0	0.00000	0	0.00000
Salinarchaeum	1269201	G	0	0.00000	32	0.00003	0	0.00000	33	0.00002	0	0.00000	19	0.00001
Methanolobus	2220	G	0	0.00000	837	0.00076	0	0.00000	615	0.00031	0	0.00000	917	0.00042
Methanosarcina	2207	G	0	0.00000	588	0.00053	0	0.00000	513	0.00026	0	0.00000	510	0.00023
Methanohalophilus	2175	G	0	0.00000	889	0.00080	0	0.00000	37	0.00002	0	0.00000	311	0.00014
Methanohalobium	2321	G	0	0.00000	223	0.00020	0	0.00000	28	0.00001	0	0.00000	139	0.00006
Methanococcoides	2225	G	0	0.00000	280	0.00025	0	0.00000	130	0.00006	0	0.00000	304	0.00014
Methanimicrococcus	91559	G	0	0.00000	389	0.00035	0	0.00000	356	0.00018	0	0.00000	137	0.00006
Methanosalsum	196136	G	0	0.00000	138	0.00012	0	0.00000	0	0.00000	0	0.00000	160	0.00007
Methanomethylovorans	101191	G	0	0.00000	65	0.00006	0	0.00000	111	0.00006	0	0.00000	117	0.00005
Methanolapillus	3136068	G	0	0.00000	156	0.00014	0	0.00000	54	0.00003	0	0.00000	249	0.00011
Methanoplanus	2314	G	0	0.00000	537	0.00049	0	0.00000	327	0.00016	0	0.00000	228	0.00010
Methanofollis	81416	G	0	0.00000	155	0.00014	0	0.00000	59	0.00003	0	0.00000	102	0.00005
Methanolacinia	230355	G	0	0.00000	180	0.00016	0	0.00000	80	0.00004	0	0.00000	16	0.00001
Methanoculleus	45989	G	0	0.00000	115	0.00010	0	0.00000	83	0.00004	0	0.00000	60	0.00003
Methanomicrobium	2204	G	0	0.00000	150	0.00014	0	0.00000	325	0.00016	0	0.00000	93	0.00004
Methanogenium	2195	G	0	0.00000	86	0.00008	0	0.00000	145	0.00007	0	0.00000	665	0.00030
Methanocorpusculum	2192	G	0	0.00000	281	0.00025	0	0.00000	150	0.00007	0	0.00000	103	0.00005
Methanoregula	395331	G	0	0.00000	250	0.00023	0	0.00000	203	0.00010	0	0.00000	223	0.00010
Methanospirillum	2202	G	0	0.00000	138	0.00012	0	0.00000	135	0.00007	0	0.00000	157	0.00007
Methanocella	570266	G	0	0.00000	1120	0.00101	0	0.00000	829	0.00041	0	0.00000	894	0.00041
Methanothrix	2222	G	0	0.00000	117	0.00011	0	0.00000	106	0.00005	0	0.00000	20	0.00001
Methanobrevibacter	2172	G	0	0.00000	2606	0.00235	0	0.00000	555	0.00028	0	0.00000	1699	0.00077
Methanosphaera	2316	G	0	0.00000	1035	0.00093	0	0.00000	102	0.00005	0	0.00000	121	0.00006
Methanobacterium	2160	G	0	0.00000	488	0.00044	0	0.00000	236	0.00012	0	0.00000	353	0.00016
Methanothermobacter	145260	G	0	0.00000	38	0.00003	0	0.00000	15	0.00001	0	0.00000	26	0.00001
Methanococcus	2184	G	0	0.00000	447	0.00040	0	0.00000	542	0.00027	0	0.00000	349	0.00016
Methanothermococcus	155862	G	0	0.00000	445	0.00040	0	0.00000	93	0.00005	0	0.00000	208	0.00009
Methanocaldococcus	196118	G	0	0.00000	408	0.00037	0	0.00000	392	0.00020	0	0.00000	646	0.00029
Methanopyrus	2319	G	0	0.00000	98	0.00009	0	0.00000	0	0.00000	0	0.00000	0	0.00000
Thermococcus	2263	G	0	0.00000	569	0.00051	0	0.00000	660	0.00033	0	0.00000	298	0.00014
Pyrococcus	2260	G	0	0.00000	37	0.00003	0	0.00000	36	0.00002	0	0.00000	40	0.00002
Methanonatronarchaeum	2022711	G	0	0.00000	88	0.00008	0	0.00000	13	0.00001	0	0.00000	36	0.00002
Archaeoglobus	2233	G	0	0.00000	34	0.00003	0	0.00000	58	0.00003	0	0.00000	26	0.00001
Geoglobus	190818	G	0	0.00000	22	0.00002	0	0.00000	0	0.00000	0	0.00000	23	0.00001
Acidilobus	105850	G	0	0.00000	346	0.00031	0	0.00000	111	0.00006	0	0.00000	0	0.00000
Acidianus	12914	G	0	0.00000	33	0.00003	0	0.00000	50	0.00002	0	0.00000	71	0.00003
Sulfolobus	2284	G	0	0.00000	44	0.00004	0	0.00000	44	0.00002	0	0.00000	64	0.00003
Saccharolobus	2100760	G	0	0.00000	21	0.00002	0	0.00000	12	0.00001	0	0.00000	0	0.00000
Pyrodictium	2308	G	0	0.00000	53	0.00005	0	0.00000	0	0.00000	0	0.00000	12	0.00001
Hyperthermus	54247	G	0	0.00000	49	0.00004	0	0.00000	0	0.00000	0	0.00000	0	0.00000
Aeropyrum	56635	G	0	0.00000	10	0.00001	0	0.00000	0	0.00000	0	0.00000	0	0.00000
Pyrobaculum	2276	G	0	0.00000	36	0.00003	0	0.00000	13	0.00001	0	0.00000	24	0.00001
Infirmifilum	2856573	G	0	0.00000	26	0.00002	0	0.00000	18	0.00001	0	0.00000	14	0.00001
Thermofilum	2268	G	0	0.00000	11	0.00001	0	0.00000	77	0.00004	0	0.00000	23	0.00001
Nitrosopumilus	338191	G	0	0.00000	109	0.00010	0	0.00000	139	0.00007	0	0.00000	140	0.00006
Candidatus Nitrosomarinus	1993653	G	0	0.00000	22	0.00002	0	0.00000	0	0.00000	0	0.00000	0	0.00000
Nitrososphaera	497726	G	0	0.00000	16	0.00001	0	0.00000	10	0.00000	0	0.00000	48	0.00002
Candidatus Nitrosotenuis	1825023	G	0	0.00000	33	0.00003	0	0.00000	0	0.00000	0	0.00000	0	0.00000
Conexivisphaera	2613912	G	0	0.00000	14	0.00001	0	0.00000	0	0.00000	0	0.00000	0	0.00000
Methanomethylophilus	1291539	G	0	0.00000	254	0.00023	0	0.00000	81	0.00004	0	0.00000	19	0.00001
Methanomassiliicoccus	1080709	G	0	0.00000	53	0.00005	0	0.00000	18	0.00001	0	0.00000	43	0.00002
Picrophilus	46631	G	0	0.00000	88	0.00008	0	0.00000	0	0.00000	0	0.00000	0	0.00000
Candidatus Aciduliprofundum	379546	G	0	0.00000	20	0.00002	0	0.00000	12	0.00001	0	0.00000	21	0.00001
Cohcovirus	2942991	G	0	0.00000	775	0.00070	0	0.00000	75	0.00004	0	0.00000	0	0.00000
Buchavirus	2942994	G	0	0.00000	48	0.00004	0	0.00000	0	0.00000	0	0.00000	332	0.00015
Besingivirus	2946821	G	0	0.00000	12	0.00001	0	0.00000	0	0.00000	0	0.00000	0	0.00000
Burzaovirus	2948645	G	0	0.00000	12	0.00001	0	0.00000	0	0.00000	0	0.00000	0	0.00000
Carjivirus	2948652	G	0	0.00000	583	0.00053	11	0.00037	255	0.00013	17	0.00022	0	0.00000
Endlipuvirus	2948697	G	0	0.00000	30	0.00003	0	0.00000	0	0.00000	0	0.00000	0	0.00000
Lagaffevirus	2733108	G	0	0.00000	1148	0.00104	0	0.00000	0	0.00000	0	0.00000	0	0.00000
Lughvirus	2733190	G	0	0.00000	334	0.00030	0	0.00000	239	0.00012	0	0.00000	0	0.00000
Aurunvirus	2733093	G	0	0.00000	71	0.00006	0	0.00000	35	0.00002	0	0.00000	0	0.00000
Nesevirus	2843429	G	0	0.00000	278	0.00025	0	0.00000	64	0.00003	0	0.00000	242	0.00011
Tequatrovirus	10663	G	0	0.00000	26	0.00002	0	0.00000	0	0.00000	0	0.00000	233	0.00011
Tulanevirus	2560244	G	0	0.00000	11	0.00001	0	0.00000	0	0.00000	0	0.00000	0	0.00000
Oneupvirus	2733200	G	0	0.00000	61	0.00006	0	0.00000	33	0.00002	0	0.00000	0	0.00000
Matervirus	2842856	G	0	0.00000	33	0.00003	0	0.00000	16	0.00001	0	0.00000	27	0.00001
Eponavirus	2733103	G	0	0.00000	52	0.00005	0	0.00000	0	0.00000	0	0.00000	0	0.00000
Likavirus	1982880	G	0	0.00000	29	0.00003	0	0.00000	0	0.00000	0	0.00000	0	0.00000
Montyvirus	2733196	G	0	0.00000	39	0.00004	0	0.00000	0	0.00000	0	0.00000	12	0.00001
Veracruzvirus	2948946	G	0	0.00000	25	0.00002	0	0.00000	0	0.00000	0	0.00000	0	0.00000
Radostvirus	2843442	G	0	0.00000	85	0.00008	0	0.00000	0	0.00000	0	0.00000	67	0.00003
Mushuvirus	2733114	G	0	0.00000	19	0.00002	0	0.00000	0	0.00000	0	0.00000	0	0.00000
Glaedevirus	2843387	G	0	0.00000	19	0.00002	0	0.00000	0	0.00000	0	0.00000	48	0.00002
Kujavirus	2841277	G	0	0.00000	10	0.00001	0	0.00000	0	0.00000	0	0.00000	0	0.00000
Jouyvirus	2843396	G	0	0.00000	79	0.00007	0	0.00000	0	0.00000	0	0.00000	451	0.00021
Ilzatvirus	2560150	G	0	0.00000	11	0.00001	0	0.00000	0	0.00000	0	0.00000	0	0.00000
Donellivirus	2843376	G	0	0.00000	10	0.00001	0	0.00000	25	0.00001	0	0.00000	11	0.00001
Megavirus	3044761	G	0	0.00000	16	0.00001	0	0.00000	0	0.00000	0	0.00000	0	0.00000
Pandoravirus	2060084	G	0	0.00000	28	0.00003	0	0.00000	18	0.00001	0	0.00000	34	0.00002
Myroides	76831	G	0	0.00000	0	0.00000	0	0.00000	1990	0.00099	0	0.00000	0	0.00000
Flagellimonas	444459	G	0	0.00000	0	0.00000	0	0.00000	33	0.00002	0	0.00000	0	0.00000
Pontibacter	323449	G	0	0.00000	0	0.00000	0	0.00000	23	0.00001	0	0.00000	0	0.00000
Emticicia	312278	G	0	0.00000	0	0.00000	0	0.00000	28	0.00001	0	0.00000	35	0.00002
Spirosoma	107	G	0	0.00000	0	0.00000	0	0.00000	13	0.00001	0	0.00000	27	0.00001
Sphingobacterium	28453	G	0	0.00000	0	0.00000	0	0.00000	127	0.00006	0	0.00000	0	0.00000
Sulfobacillus	28033	G	0	0.00000	0	0.00000	0	0.00000	10	0.00000	0	0.00000	0	0.00000
Vagococcus	2737	G	0	0.00000	0	0.00000	0	0.00000	19	0.00001	0	0.00000	47	0.00002
Lacticaseibacillus	2759736	G	0	0.00000	0	0.00000	0	0.00000	48	0.00002	0	0.00000	16	0.00001
Fructilactobacillus	2767881	G	0	0.00000	0	0.00000	0	0.00000	20	0.00001	0	0.00000	0	0.00000
Paucilactobacillus	2767890	G	0	0.00000	0	0.00000	0	0.00000	27	0.00001	0	0.00000	0	0.00000
Carnobacterium	2747	G	0	0.00000	0	0.00000	0	0.00000	25	0.00001	0	0.00000	26	0.00001
Mycolicibacterium	1866885	G	0	0.00000	0	0.00000	0	0.00000	14	0.00001	0	0.00000	45	0.00002
Rothia	32207	G	0	0.00000	0	0.00000	0	0.00000	14	0.00001	0	0.00000	0	0.00000
Streptantibioticus	2995706	G	0	0.00000	0	0.00000	0	0.00000	14	0.00001	0	0.00000	13	0.00001
Sphaerisporangium	321315	G	0	0.00000	0	0.00000	0	0.00000	10	0.00000	0	0.00000	20	0.00001
Erwinia	551	G	0	0.00000	0	0.00000	0	0.00000	10	0.00000	0	0.00000	63	0.00003
Xylella	2370	G	0	0.00000	0	0.00000	0	0.00000	24	0.00001	0	0.00000	0	0.00000
Moraxella	475	G	0	0.00000	0	0.00000	0	0.00000	19	0.00001	0	0.00000	13	0.00001
Methylotuvimicrobium	2822410	G	0	0.00000	0	0.00000	0	0.00000	20	0.00001	0	0.00000	0	0.00000
Pseudochrobactrum	354349	G	0	0.00000	0	0.00000	0	0.00000	11	0.00001	0	0.00000	0	0.00000
Martelella	293088	G	0	0.00000	0	0.00000	0	0.00000	124	0.00006	0	0.00000	0	0.00000
Methylocella	120652	G	0	0.00000	0	0.00000	0	0.00000	10	0.00000	0	0.00000	0	0.00000
Bartonella	773	G	0	0.00000	0	0.00000	0	0.00000	10	0.00000	0	0.00000	0	0.00000
Roseinatronobacter	121820	G	0	0.00000	0	0.00000	0	0.00000	49	0.00002	0	0.00000	0	0.00000
Parasedimentitalea	2738399	G	0	0.00000	0	0.00000	0	0.00000	44	0.00002	0	0.00000	0	0.00000
Gemmobacter	204456	G	0	0.00000	0	0.00000	0	0.00000	165	0.00008	0	0.00000	0	0.00000
Pseudoroseomonas	2870717	G	0	0.00000	0	0.00000	0	0.00000	17	0.00001	0	0.00000	0	0.00000
Zymomonas	541	G	0	0.00000	0	0.00000	0	0.00000	66	0.00003	0	0.00000	0	0.00000
Croceicoccus	1295327	G	0	0.00000	0	0.00000	0	0.00000	11	0.00001	0	0.00000	0	0.00000
Mycetohabitans	2571159	G	0	0.00000	0	0.00000	0	0.00000	14	0.00001	0	0.00000	0	0.00000
Polaromonas	52972	G	0	0.00000	0	0.00000	0	0.00000	12	0.00001	0	0.00000	305	0.00014
Methylibium	316612	G	0	0.00000	0	0.00000	0	0.00000	29	0.00001	0	0.00000	10	0.00000
Sphaerotilus	34102	G	0	0.00000	0	0.00000	0	0.00000	10	0.00000	0	0.00000	35	0.00002
Janthinobacterium	29580	G	0	0.00000	0	0.00000	0	0.00000	27	0.00001	0	0.00000	0	0.00000
Advenella	290425	G	0	0.00000	0	0.00000	0	0.00000	11	0.00001	0	0.00000	0	0.00000
Niveibacterium	1769726	G	0	0.00000	0	0.00000	0	0.00000	32	0.00002	0	0.00000	418	0.00019
Aliarcobacter	2321111	G	0	0.00000	0	0.00000	0	0.00000	12	0.00001	0	0.00000	45	0.00002
Desulforapulum	2904687	G	0	0.00000	0	0.00000	0	0.00000	26	0.00001	0	0.00000	0	0.00000
Aquisphaera	1511635	G	0	0.00000	0	0.00000	0	0.00000	47	0.00002	0	0.00000	0	0.00000
Halosegnis	2841540	G	0	0.00000	0	0.00000	0	0.00000	28	0.00001	0	0.00000	17	0.00001
Halovenus	1377992	G	0	0.00000	0	0.00000	0	0.00000	22	0.00001	0	0.00000	0	0.00000
Halomontanus	3125902	G	0	0.00000	0	0.00000	0	0.00000	33	0.00002	0	0.00000	23	0.00001
Halopiger	387342	G	0	0.00000	0	0.00000	0	0.00000	29	0.00001	0	0.00000	43	0.00002
Haloquadratum	293431	G	0	0.00000	0	0.00000	0	0.00000	17	0.00001	0	0.00000	10	0.00000
Actinarchaeum	3118923	G	0	0.00000	0	0.00000	0	0.00000	17	0.00001	0	0.00000	0	0.00000
Halarchaeum	744724	G	0	0.00000	0	0.00000	0	0.00000	19	0.00001	0	0.00000	0	0.00000
Stygiolobus	41674	G	0	0.00000	0	0.00000	0	0.00000	16	0.00001	0	0.00000	0	0.00000
Vulcanisaeta	164450	G	0	0.00000	0	0.00000	0	0.00000	25	0.00001	0	0.00000	0	0.00000
Candidatus Nitrosocosmicus	1826864	G	0	0.00000	0	0.00000	0	0.00000	15	0.00001	0	0.00000	18	0.00001
Ferroplasma	74968	G	0	0.00000	0	0.00000	0	0.00000	30	0.00001	0	0.00000	16	0.00001
Candidatus Prometheoarchaeum	2732160	G	0	0.00000	0	0.00000	0	0.00000	23	0.00001	0	0.00000	197	0.00009
Brussowvirus	1623303	G	0	0.00000	0	0.00000	0	0.00000	302	0.00015	0	0.00000	141	0.00006
Moineauvirus	1623304	G	0	0.00000	0	0.00000	0	0.00000	199	0.00010	0	0.00000	16	0.00001
Akihdevirus	2942978	G	0	0.00000	0	0.00000	0	0.00000	19	0.00001	0	0.00000	0	0.00000
Kayvirus	1857843	G	0	0.00000	0	0.00000	0	0.00000	198	0.00010	0	0.00000	0	0.00000
Brigitvirus	2733097	G	0	0.00000	0	0.00000	0	0.00000	264	0.00013	0	0.00000	0	0.00000
Leucotheavirus	2733109	G	0	0.00000	0	0.00000	0	0.00000	20	0.00001	0	0.00000	0	0.00000
Fibralongavirus	2733175	G	0	0.00000	0	0.00000	0	0.00000	28	0.00001	0	0.00000	0	0.00000
Kayfunavirus	2732686	G	0	0.00000	0	0.00000	0	0.00000	18	0.00001	0	0.00000	0	0.00000
Cetovirus	2560112	G	0	0.00000	0	0.00000	0	0.00000	15	0.00001	0	0.00000	0	0.00000
Bixzunavirus	680114	G	0	0.00000	0	0.00000	0	0.00000	10	0.00000	0	0.00000	0	0.00000
Halcyonevirus	2843388	G	0	0.00000	0	0.00000	0	0.00000	10	0.00000	0	0.00000	0	0.00000
Cotonvirus	3044693	G	0	0.00000	0	0.00000	0	0.00000	17	0.00001	0	0.00000	20	0.00001
Theiavirus	3044842	G	0	0.00000	0	0.00000	0	0.00000	10	0.00000	0	0.00000	0	0.00000
Potyvirus	12195	G	0	0.00000	0	0.00000	0	0.00000	13	0.00001	0	0.00000	0	0.00000
Alphabaculovirus	558016	G	0	0.00000	0	0.00000	0	0.00000	10	0.00000	0	0.00000	0	0.00000
Enterocloster	2719313	G	0	0.00000	0	0.00000	0	0.00000	0	0.00000	12	0.00016	288	0.00013
Birpovirus	2946830	G	0	0.00000	0	0.00000	0	0.00000	0	0.00000	23	0.00030	0	0.00000
Kluyvera	579	G	0	0.00000	0	0.00000	0	0.00000	0	0.00000	0	0.00000	46	0.00002
Cronobacter	413496	G	0	0.00000	0	0.00000	0	0.00000	0	0.00000	0	0.00000	18	0.00001
Lelliottia	1330545	G	0	0.00000	0	0.00000	0	0.00000	0	0.00000	0	0.00000	10	0.00000
Chimaeribacter	2716544	G	0	0.00000	0	0.00000	0	0.00000	0	0.00000	0	0.00000	368	0.00017
Morganella	581	G	0	0.00000	0	0.00000	0	0.00000	0	0.00000	0	0.00000	92	0.00004
Arsenophonus	637	G	0	0.00000	0	0.00000	0	0.00000	0	0.00000	0	0.00000	25	0.00001
Metallibacterium	1218803	G	0	0.00000	0	0.00000	0	0.00000	0	0.00000	0	0.00000	12	0.00001
Aureimonas	414371	G	0	0.00000	0	0.00000	0	0.00000	0	0.00000	0	0.00000	24	0.00001
Rhodobacter	1060	G	0	0.00000	0	0.00000	0	0.00000	0	0.00000	0	0.00000	36	0.00002
Marivivens	1759396	G	0	0.00000	0	0.00000	0	0.00000	0	0.00000	0	0.00000	20	0.00001
Wenxinia	653686	G	0	0.00000	0	0.00000	0	0.00000	0	0.00000	0	0.00000	20	0.00001
Ponticoccus	983507	G	0	0.00000	0	0.00000	0	0.00000	0	0.00000	0	0.00000	13	0.00001
Acidiphilium	522	G	0	0.00000	0	0.00000	0	0.00000	0	0.00000	0	0.00000	362	0.00016
Formicincola	2952773	G	0	0.00000	0	0.00000	0	0.00000	0	0.00000	0	0.00000	83	0.00004
Qipengyuania	1855416	G	0	0.00000	0	0.00000	0	0.00000	0	0.00000	0	0.00000	16	0.00001
Eleftheria	1597779	G	0	0.00000	0	0.00000	0	0.00000	0	0.00000	0	0.00000	15	0.00001
Massilia	149698	G	0	0.00000	0	0.00000	0	0.00000	0	0.00000	0	0.00000	12	0.00001
Conchiformibius	334107	G	0	0.00000	0	0.00000	0	0.00000	0	0.00000	0	0.00000	12	0.00001
Hydrogenophilus	70774	G	0	0.00000	0	0.00000	0	0.00000	0	0.00000	0	0.00000	282	0.00013
Melissococcus	33969	G	0	0.00000	0	0.00000	0	0.00000	0	0.00000	0	0.00000	45	0.00002
Aneurinibacillus	55079	G	0	0.00000	0	0.00000	0	0.00000	0	0.00000	0	0.00000	24	0.00001
Trichormus	264688	G	0	0.00000	0	0.00000	0	0.00000	0	0.00000	0	0.00000	14	0.00001
Nodosilinea	1120752	G	0	0.00000	0	0.00000	0	0.00000	0	0.00000	0	0.00000	43	0.00002
Synechococcus	1129	G	0	0.00000	0	0.00000	0	0.00000	0	0.00000	0	0.00000	17	0.00001
Arcobacter	28196	G	0	0.00000	0	0.00000	0	0.00000	0	0.00000	0	0.00000	11	0.00001
Leptospira	171	G	0	0.00000	0	0.00000	0	0.00000	0	0.00000	0	0.00000	18	0.00001
Granulicella	940557	G	0	0.00000	0	0.00000	0	0.00000	0	0.00000	0	0.00000	17	0.00001
Halobellus	1073986	G	0	0.00000	0	0.00000	0	0.00000	0	0.00000	0	0.00000	130	0.00006
Halogeometricum	60846	G	0	0.00000	0	0.00000	0	0.00000	0	0.00000	0	0.00000	18	0.00001
Natranaeroarchaeum	2917705	G	0	0.00000	0	0.00000	0	0.00000	0	0.00000	0	0.00000	14	0.00001
Methanotorris	196119	G	0	0.00000	0	0.00000	0	0.00000	0	0.00000	0	0.00000	127	0.00006
Sulfurisphaera	69655	G	0	0.00000	0	0.00000	0	0.00000	0	0.00000	0	0.00000	26	0.00001
Caldivirga	76886	G	0	0.00000	0	0.00000	0	0.00000	0	0.00000	0	0.00000	11	0.00001
Thermogladius	477695	G	0	0.00000	0	0.00000	0	0.00000	0	0.00000	0	0.00000	11	0.00001
Caldisphaera	200414	G	0	0.00000	0	0.00000	0	0.00000	0	0.00000	0	0.00000	49	0.00002
Thermoplasma	2302	G	0	0.00000	0	0.00000	0	0.00000	0	0.00000	0	0.00000	42	0.00002
Jahgtovirus	2948767	G	0	0.00000	0	0.00000	0	0.00000	0	0.00000	0	0.00000	50	0.00002
Gaprivervirus	1913654	G	0	0.00000	0	0.00000	0	0.00000	0	0.00000	0	0.00000	10	0.00000
Uetakevirus	542960	G	0	0.00000	0	0.00000	0	0.00000	0	0.00000	0	0.00000	266	0.00012
Elveevirus	2948695	G	0	0.00000	0	0.00000	0	0.00000	0	0.00000	0	0.00000	84	0.00004
Peduovirus	140410	G	0	0.00000	0	0.00000	0	0.00000	0	0.00000	0	0.00000	56	0.00003
Wadgaonvirus	2948951	G	0	0.00000	0	0.00000	0	0.00000	0	0.00000	0	0.00000	36	0.00002
Felsduovirus	2732980	G	0	0.00000	0	0.00000	0	0.00000	0	0.00000	0	0.00000	10	0.00000
Lederbergvirus	186794	G	0	0.00000	0	0.00000	0	0.00000	0	0.00000	0	0.00000	218	0.00010
Pankowvirus	2843432	G	0	0.00000	0	0.00000	0	0.00000	0	0.00000	0	0.00000	191	0.00009
Marienburgvirus	2843420	G	0	0.00000	0	0.00000	0	0.00000	0	0.00000	0	0.00000	86	0.00004
Lubbockvirus	1912144	G	0	0.00000	0	0.00000	0	0.00000	0	0.00000	0	0.00000	38	0.00002
Bievrevirus	2843360	G	0	0.00000	0	0.00000	0	0.00000	0	0.00000	0	0.00000	63	0.00003
Alegriavirus	2843345	G	0	0.00000	0	0.00000	0	0.00000	0	0.00000	0	0.00000	35	0.00002
Phrappuccinovirus	2948865	G	0	0.00000	0	0.00000	0	0.00000	0	0.00000	0	0.00000	25	0.00001
Seoulvirus	1980929	G	0	0.00000	0	0.00000	0	0.00000	0	0.00000	0	0.00000	25	0.00001
Nonagvirus	1921117	G	0	0.00000	0	0.00000	0	0.00000	0	0.00000	0	0.00000	23	0.00001
Saikungvirus	2843015	G	0	0.00000	0	0.00000	0	0.00000	0	0.00000	0	0.00000	30	0.00001
Chivirus	1623283	G	0	0.00000	0	0.00000	0	0.00000	0	0.00000	0	0.00000	14	0.00001
Myrnavirus	2948833	G	0	0.00000	0	0.00000	0	0.00000	0	0.00000	0	0.00000	17	0.00001
Tequintavirus	187218	G	0	0.00000	0	0.00000	0	0.00000	0	0.00000	0	0.00000	12	0.00001
Colneyvirus	2843367	G	0	0.00000	0	0.00000	0	0.00000	0	0.00000	0	0.00000	102	0.00005
Takahashivirus	2843463	G	0	0.00000	0	0.00000	0	0.00000	0	0.00000	0	0.00000	12	0.00001
Parlovirus	2843433	G	0	0.00000	0	0.00000	0	0.00000	0	0.00000	0	0.00000	12	0.00001
Wifcevirus	2733141	G	0	0.00000	0	0.00000	0	0.00000	0	0.00000	0	0.00000	11	0.00001
Dismasvirus	2560122	G	0	0.00000	0	0.00000	0	0.00000	0	0.00000	0	0.00000	10	0.00000
Moumouvirus	3080801	G	0	0.00000	0	0.00000	0	0.00000	0	0.00000	0	0.00000	23	0.00001
Mimivirus	315393	G	0	0.00000	0	0.00000	0	0.00000	0	0.00000	0	0.00000	11	0.00001
Sciuripoxvirus	2733300	G	0	0.00000	0	0.00000	0	0.00000	0	0.00000	0	0.00000	13	0.00001
Coltivirus	10911	G	0	0.00000	0	0.00000	0	0.00000	0	0.00000	0	0.00000	36	0.00002
Lentinuvirus	2733259	G	0	0.00000	0	0.00000	0	0.00000	0	0.00000	0	0.00000	11	0.00001
