name	taxonomy_id	taxonomy_lvl	CD_7_long.bracken_F.txt_num	CD_7_long.bracken_F.txt_frac	CD_7_short.bracken_F.txt_num	CD_7_short.bracken_F.txt_frac	TD_31_long.bracken_F.txt_num	TD_31_long.bracken_F.txt_frac	TD_31_short.bracken_F.txt_num	TD_31_short.bracken_F.txt_frac	TD_92_long.bracken_F.txt_num	TD_92_long.bracken_F.txt_frac	TD_92_short.bracken_F.txt_num	TD_92_short.bracken_F.txt_frac
Lachnospiraceae	186803	F	3357	0.15350	125294	0.11334	2487	0.08270	39390	0.01962	967	0.01274	65787	0.02992
Oscillospiraceae	216572	F	2070	0.09465	156089	0.14119	1911	0.06355	44651	0.02224	554	0.00730	44931	0.02044
Clostridiaceae	31979	F	1227	0.05610	43545	0.03939	1221	0.04060	13336	0.00664	432	0.00569	21455	0.00976
Butyricicoccaceae	3085642	F	33	0.00151	335	0.00030	77	0.00256	728	0.00036	0	0.00000	63	0.00003
Peptostreptococcaceae	186804	F	500	0.02286	27714	0.02507	303	0.01008	9839	0.00490	266	0.00350	33009	0.01501
Monoglobaceae	3085657	F	61	0.00279	25948	0.02347	190	0.00632	9043	0.00450	55	0.00072	13234	0.00602
Enterococcaceae	81852	F	1295	0.05921	40068	0.03624	1059	0.03522	22555	0.01124	1352	0.01781	112906	0.05135
Streptococcaceae	1300	F	53	0.00242	1753	0.00159	93	0.00309	6390	0.00318	55	0.00072	6924	0.00315
Lactobacillaceae	33958	F	337	0.01541	10143	0.00917	316	0.01051	8078	0.00402	223	0.00294	11001	0.00500
Coriobacteriaceae	84107	F	4309	0.19703	105694	0.09561	15	0.00050	1937	0.00096	30	0.00040	3252	0.00148
Micrococcaceae	1268	F	81	0.00370	9265	0.00838	0	0.00000	1223	0.00061	56	0.00074	11362	0.00517
Propionibacteriaceae	31957	F	41	0.00187	6366	0.00576	15	0.00050	1274	0.00063	20	0.00026	3324	0.00151
Bacteroidaceae	815	F	2870	0.13123	116069	0.10499	14130	0.46987	1154561	0.57512	37772	0.49762	758691	0.34509
Tannerellaceae	2005525	F	956	0.04371	22902	0.02072	5137	0.17082	521996	0.26002	24057	0.31693	330335	0.15025
Prevotellaceae	171552	F	37	0.00169	12963	0.01173	314	0.01044	21730	0.01082	213	0.00281	4514	0.00205
Enterobacteriaceae	543	F	1928	0.08816	183786	0.16625	1442	0.04795	24568	0.01224	9307	0.12261	567496	0.25812
Campylobacteraceae	72294	F	312	0.01427	29093	0.02632	383	0.01274	9257	0.00461	72	0.00095	4691	0.00213
Hominidae	9604	F	726	0.03320	28468	0.02575	689	0.02291	37938	0.01890	352	0.00464	43492	0.01978
Suoliviridae	2942966	F	855	0.03909	930	0.00084	12	0.00040	113	0.00006	35	0.00046	369	0.00017
Crevaviridae	2942963	F	451	0.02062	17	0.00002	0	0.00000	0	0.00000	0	0.00000	0	0.00000
Steigviridae	2942965	F	371	0.01696	0	0.00000	0	0.00000	19	0.00001	0	0.00000	0	0.00000
Peptoclostridiaceae	3120161	F	0	0.00000	352	0.00032	0	0.00000	56	0.00003	0	0.00000	200	0.00009
Natronincolaceae	3118656	F	0	0.00000	23	0.00002	0	0.00000	19	0.00001	0	0.00000	164	0.00007
Bacillaceae	186817	F	0	0.00000	9092	0.00822	0	0.00000	3617	0.00180	0	0.00000	8825	0.00401
Paenibacillaceae	186822	F	0	0.00000	7771	0.00703	0	0.00000	2438	0.00121	0	0.00000	6217	0.00283
Staphylococcaceae	90964	F	0	0.00000	19154	0.01733	58	0.00193	5976	0.00298	0	0.00000	17389	0.00791
Listeriaceae	186820	F	0	0.00000	2264	0.00205	0	0.00000	1085	0.00054	0	0.00000	2241	0.00102
Planococcaceae	186818	F	0	0.00000	889	0.00080	0	0.00000	122	0.00006	0	0.00000	712	0.00032
Alicyclobacillaceae	186823	F	0	0.00000	11	0.00001	0	0.00000	0	0.00000	0	0.00000	127	0.00006
Peptoniphilaceae	1570339	F	0	0.00000	698	0.00063	0	0.00000	447	0.00022	0	0.00000	767	0.00035
Selenomonadaceae	1843491	F	0	0.00000	244	0.00022	0	0.00000	94	0.00005	0	0.00000	281	0.00013
Eggerthellaceae	1643826	F	0	0.00000	174	0.00016	0	0.00000	474	0.00024	0	0.00000	0	0.00000
Microbacteriaceae	85023	F	0	0.00000	1670	0.00151	0	0.00000	2278	0.00113	0	0.00000	3111	0.00142
Cellulomonadaceae	85016	F	0	0.00000	335	0.00030	0	0.00000	122	0.00006	0	0.00000	642	0.00029
Dermabacteraceae	85020	F	0	0.00000	40	0.00004	0	0.00000	0	0.00000	0	0.00000	0	0.00000
Tsukamurellaceae	85028	F	0	0.00000	2610	0.00236	0	0.00000	1415	0.00070	0	0.00000	15946	0.00725
Corynebacteriaceae	1653	F	0	0.00000	12059	0.01091	0	0.00000	281	0.00014	0	0.00000	0	0.00000
Nocardiaceae	85025	F	0	0.00000	2467	0.00223	0	0.00000	1178	0.00059	0	0.00000	5918	0.00269
Gordoniaceae	85026	F	0	0.00000	258	0.00023	0	0.00000	60	0.00003	0	0.00000	32	0.00001
Mycobacteriaceae	1762	F	0	0.00000	58	0.00005	0	0.00000	26	0.00001	0	0.00000	59	0.00003
Bifidobacteriaceae	31953	F	0	0.00000	6340	0.00573	206	0.00685	1934	0.00096	13	0.00017	2994	0.00136
Streptomycetaceae	2062	F	0	0.00000	3710	0.00336	0	0.00000	1560	0.00078	0	0.00000	9967	0.00453
Streptosporangiaceae	2004	F	0	0.00000	2903	0.00263	0	0.00000	1268	0.00063	0	0.00000	8443	0.00384
Thermomonosporaceae	2012	F	0	0.00000	17	0.00002	0	0.00000	0	0.00000	0	0.00000	0	0.00000
Actinomycetaceae	2049	F	0	0.00000	1900	0.00172	0	0.00000	497	0.00025	0	0.00000	2777	0.00126
Pseudonocardiaceae	2070	F	0	0.00000	57	0.00005	0	0.00000	19	0.00001	0	0.00000	1788	0.00081
Miltoncostaeaceae	2843199	F	0	0.00000	11	0.00001	0	0.00000	0	0.00000	0	0.00000	18	0.00001
Deinococcaceae	183710	F	0	0.00000	1580	0.00143	0	0.00000	663	0.00033	0	0.00000	175	0.00008
Thermaceae	188786	F	0	0.00000	56	0.00005	0	0.00000	27	0.00001	0	0.00000	0	0.00000
Leptolyngbyaceae	1890438	F	0	0.00000	1246	0.00113	0	0.00000	421	0.00021	0	0.00000	1589	0.00072
Coleofasciculaceae	1892251	F	0	0.00000	114	0.00010	0	0.00000	77	0.00004	0	0.00000	107	0.00005
Nostocaceae	1162	F	0	0.00000	57	0.00005	0	0.00000	34	0.00002	0	0.00000	84	0.00004
Acaryochloridaceae	1890429	F	0	0.00000	17	0.00002	0	0.00000	0	0.00000	0	0.00000	24	0.00001
Metamycoplasmataceae	2895623	F	0	0.00000	1400	0.00127	0	0.00000	617	0.00031	0	0.00000	483	0.00022
Thermomicrobiaceae	189777	F	0	0.00000	62	0.00006	0	0.00000	18	0.00001	0	0.00000	14	0.00001
Yersiniaceae	1903411	F	0	0.00000	896	0.00081	0	0.00000	519	0.00026	0	0.00000	777	0.00035
Morganellaceae	1903414	F	0	0.00000	378	0.00034	0	0.00000	256	0.00013	0	0.00000	469	0.00021
Erwiniaceae	1903409	F	0	0.00000	175	0.00016	0	0.00000	418	0.00021	0	0.00000	362	0.00016
Oceanospirillaceae	135620	F	0	0.00000	1587	0.00144	0	0.00000	491	0.00024	0	0.00000	879	0.00040
Halomonadaceae	28256	F	0	0.00000	138	0.00012	0	0.00000	55	0.00003	0	0.00000	35	0.00002
Pseudomonadaceae	135621	F	0	0.00000	1398	0.00126	0	0.00000	704	0.00035	0	0.00000	1338	0.00061
Aeromonadaceae	84642	F	0	0.00000	891	0.00081	0	0.00000	1091	0.00054	0	0.00000	1913	0.00087
Lysobacteraceae	32033	F	0	0.00000	786	0.00071	0	0.00000	466	0.00023	0	0.00000	591	0.00027
Moraxellaceae	468	F	0	0.00000	643	0.00058	0	0.00000	367	0.00018	0	0.00000	382	0.00017
Vibrionaceae	641	F	0	0.00000	361	0.00033	0	0.00000	582	0.00029	0	0.00000	199	0.00009
Legionellaceae	444	F	0	0.00000	257	0.00023	0	0.00000	100	0.00005	0	0.00000	173	0.00008
Shewanellaceae	267890	F	0	0.00000	64	0.00006	0	0.00000	68	0.00003	0	0.00000	177	0.00008
Pseudoalteromonadaceae	267888	F	0	0.00000	40	0.00004	0	0.00000	54	0.00003	0	0.00000	82	0.00004
Alteromonadaceae	72275	F	0	0.00000	17	0.00002	0	0.00000	76	0.00004	0	0.00000	186	0.00008
Pasteurellaceae	712	F	0	0.00000	55	0.00005	0	0.00000	36	0.00002	0	0.00000	326	0.00015
Piscirickettsiaceae	135616	F	0	0.00000	29	0.00003	0	0.00000	17	0.00001	0	0.00000	46	0.00002
Thiotrichaceae	135617	F	0	0.00000	10	0.00001	0	0.00000	59	0.00003	0	0.00000	27	0.00001
Methylococcaceae	403	F	0	0.00000	14	0.00001	0	0.00000	67	0.00003	0	0.00000	67	0.00003
Rhizobiaceae	82115	F	0	0.00000	8605	0.00778	0	0.00000	4646	0.00231	0	0.00000	7524	0.00342
Methylobacteriaceae	119045	F	0	0.00000	1153	0.00104	0	0.00000	924	0.00046	0	0.00000	2185	0.00099
Phyllobacteriaceae	69277	F	0	0.00000	1939	0.00175	0	0.00000	956	0.00048	0	0.00000	1221	0.00056
Boseaceae	2831100	F	0	0.00000	144	0.00013	0	0.00000	41	0.00002	0	0.00000	0	0.00000
Methylocystaceae	31993	F	0	0.00000	140	0.00013	0	0.00000	80	0.00004	0	0.00000	17	0.00001
Stappiaceae	2821832	F	0	0.00000	209	0.00019	0	0.00000	142	0.00007	0	0.00000	77	0.00004
Nitrobacteraceae	41294	F	0	0.00000	500	0.00045	0	0.00000	58	0.00003	0	0.00000	52	0.00002
Chelatococcaceae	2036754	F	0	0.00000	28	0.00003	0	0.00000	0	0.00000	0	0.00000	0	0.00000
Brucellaceae	118882	F	0	0.00000	437	0.00040	0	0.00000	265	0.00013	0	0.00000	121	0.00006
Aurantimonadaceae	255475	F	0	0.00000	318	0.00029	0	0.00000	117	0.00006	0	0.00000	28	0.00001
Lichenihabitantaceae	2723775	F	0	0.00000	13	0.00001	0	0.00000	0	0.00000	0	0.00000	0	0.00000
Beijerinckiaceae	45404	F	0	0.00000	11	0.00001	0	0.00000	15	0.00001	0	0.00000	11	0.00001
Paracoccaceae	31989	F	0	0.00000	4120	0.00373	0	0.00000	2025	0.00101	0	0.00000	3066	0.00139
Roseobacteraceae	2854170	F	0	0.00000	3376	0.00305	0	0.00000	1551	0.00077	0	0.00000	7437	0.00338
Azospirillaceae	2829815	F	0	0.00000	2933	0.00265	0	0.00000	2289	0.00114	0	0.00000	2107	0.00096
Acetobacteraceae	433	F	0	0.00000	1082	0.00098	0	0.00000	1175	0.00059	0	0.00000	913	0.00042
Thalassospiraceae	2844866	F	0	0.00000	63	0.00006	0	0.00000	43	0.00002	0	0.00000	43	0.00002
Sphingomonadaceae	41297	F	0	0.00000	1380	0.00125	0	0.00000	696	0.00035	0	0.00000	1232	0.00056
Erythrobacteraceae	335929	F	0	0.00000	64	0.00006	0	0.00000	11	0.00001	0	0.00000	18	0.00001
Caulobacteraceae	76892	F	0	0.00000	1003	0.00091	0	0.00000	102	0.00005	0	0.00000	169	0.00008
Geminicoccaceae	2066434	F	0	0.00000	235	0.00021	0	0.00000	84	0.00004	0	0.00000	20	0.00001
Burkholderiaceae	119060	F	0	0.00000	3397	0.00307	0	0.00000	2199	0.00110	0	0.00000	4006	0.00182
Comamonadaceae	80864	F	0	0.00000	1723	0.00156	0	0.00000	1552	0.00077	0	0.00000	1712	0.00078
Sphaerotilaceae	2975441	F	0	0.00000	542	0.00049	0	0.00000	386	0.00019	0	0.00000	219	0.00010
Chromobacteriaceae	1499392	F	0	0.00000	937	0.00085	0	0.00000	661	0.00033	0	0.00000	301	0.00014
Neisseriaceae	481	F	0	0.00000	259	0.00023	0	0.00000	313	0.00016	0	0.00000	246	0.00011
Zoogloeaceae	2008794	F	0	0.00000	15	0.00001	0	0.00000	0	0.00000	0	0.00000	0	0.00000
Acidithiobacillaceae	225058	F	0	0.00000	58	0.00005	0	0.00000	22	0.00001	0	0.00000	25	0.00001
Odoribacteraceae	1853231	F	0	0.00000	1082	0.00098	0	0.00000	4558	0.00227	0	0.00000	1004	0.00046
Muribaculaceae	2005473	F	0	0.00000	186	0.00017	0	0.00000	572	0.00028	0	0.00000	151	0.00007
Rikenellaceae	171550	F	0	0.00000	96	0.00009	0	0.00000	85	0.00004	0	0.00000	11	0.00001
Porphyromonadaceae	171551	F	0	0.00000	40	0.00004	0	0.00000	257	0.00013	0	0.00000	33	0.00002
Weeksellaceae	2762318	F	0	0.00000	6124	0.00554	0	0.00000	382	0.00019	0	0.00000	4136	0.00188
Flavobacteriaceae	49546	F	0	0.00000	204	0.00018	0	0.00000	2418	0.00120	0	0.00000	340	0.00015
Persicobacteraceae	1853234	F	0	0.00000	225	0.00020	0	0.00000	698	0.00035	0	0.00000	227	0.00010
Hymenobacteraceae	1853232	F	0	0.00000	158	0.00014	0	0.00000	593	0.00030	0	0.00000	208	0.00009
Flammeovirgaceae	200667	F	0	0.00000	148	0.00013	0	0.00000	338	0.00017	0	0.00000	124	0.00006
Bernardetiaceae	1937968	F	0	0.00000	16	0.00001	0	0.00000	28	0.00001	0	0.00000	82	0.00004
Sphingobacteriaceae	84566	F	0	0.00000	37	0.00003	0	0.00000	346	0.00017	0	0.00000	144	0.00007
Gemmatimonadaceae	219687	F	0	0.00000	80	0.00007	0	0.00000	15	0.00001	0	0.00000	213	0.00010
Sulfurovaceae	2771472	F	0	0.00000	37	0.00003	0	0.00000	0	0.00000	0	0.00000	32	0.00001
Arcobacteraceae	2808963	F	0	0.00000	16	0.00001	0	0.00000	14	0.00001	0	0.00000	56	0.00003
Fusobacteriaceae	203492	F	0	0.00000	3033	0.00274	0	0.00000	919	0.00046	0	0.00000	1458	0.00066
Haliovirgaceae	3072461	F	0	0.00000	56	0.00005	0	0.00000	0	0.00000	0	0.00000	155	0.00007
Desulfovibrionaceae	194924	F	0	0.00000	80	0.00007	0	0.00000	28	0.00001	0	0.00000	13	0.00001
Geoalkalibacteraceae	3031665	F	0	0.00000	20	0.00002	0	0.00000	87	0.00004	0	0.00000	84	0.00004
Treponemataceae	2845253	F	0	0.00000	52	0.00005	0	0.00000	25	0.00001	0	0.00000	20	0.00001
Borreliaceae	1643685	F	0	0.00000	35	0.00003	0	0.00000	17	0.00001	0	0.00000	18	0.00001
Isosphaeraceae	1763524	F	0	0.00000	39	0.00004	0	0.00000	59	0.00003	0	0.00000	48	0.00002
Haloarculaceae	1963268	F	0	0.00000	3820	0.00346	0	0.00000	1763	0.00088	0	0.00000	1729	0.00079
Haloferacaceae	1644056	F	0	0.00000	2199	0.00199	0	0.00000	1612	0.00080	0	0.00000	1399	0.00064
Natrialbaceae	1644061	F	0	0.00000	1015	0.00092	0	0.00000	736	0.00037	0	0.00000	1092	0.00050
Haladaptataceae	3064797	F	0	0.00000	997	0.00090	0	0.00000	377	0.00019	0	0.00000	1944	0.00088
Halococcaceae	1963270	F	0	0.00000	291	0.00026	0	0.00000	64	0.00003	0	0.00000	41	0.00002
Halobacteriaceae	2236	F	0	0.00000	1019	0.00092	0	0.00000	325	0.00016	0	0.00000	318	0.00014
Natronoarchaeaceae	2976354	F	0	0.00000	35	0.00003	0	0.00000	36	0.00002	0	0.00000	34	0.00002
Methanosarcinaceae	2206	F	0	0.00000	3569	0.00323	0	0.00000	1855	0.00092	0	0.00000	2847	0.00129
Methanomicrobiaceae	2194	F	0	0.00000	1223	0.00111	0	0.00000	1018	0.00051	0	0.00000	1163	0.00053
Methanocorpusculaceae	88404	F	0	0.00000	281	0.00025	0	0.00000	150	0.00007	0	0.00000	103	0.00005
Methanoregulaceae	1198451	F	0	0.00000	255	0.00023	0	0.00000	216	0.00011	0	0.00000	229	0.00010
Methanospirillaceae	196137	F	0	0.00000	138	0.00012	0	0.00000	133	0.00007	0	0.00000	156	0.00007
Methanocellaceae	570265	F	0	0.00000	1120	0.00101	0	0.00000	829	0.00041	0	0.00000	894	0.00041
Methanotrichaceae	143067	F	0	0.00000	117	0.00011	0	0.00000	106	0.00005	0	0.00000	20	0.00001
Methanobacteriaceae	2159	F	0	0.00000	4143	0.00375	0	0.00000	881	0.00044	0	0.00000	2192	0.00100
Methanococcaceae	2183	F	0	0.00000	878	0.00079	0	0.00000	620	0.00031	0	0.00000	556	0.00025
Methanocaldococcaceae	196117	F	0	0.00000	460	0.00042	0	0.00000	439	0.00022	0	0.00000	772	0.00035
Methanopyraceae	183713	F	0	0.00000	95	0.00009	0	0.00000	0	0.00000	0	0.00000	0	0.00000
Thermococcaceae	2259	F	0	0.00000	616	0.00056	0	0.00000	701	0.00035	0	0.00000	344	0.00016
Methanonatronarchaeaceae	2202724	F	0	0.00000	88	0.00008	0	0.00000	13	0.00001	0	0.00000	36	0.00002
Archaeoglobaceae	2232	F	0	0.00000	62	0.00006	0	0.00000	64	0.00003	0	0.00000	57	0.00003
Acidilobaceae	871007	F	0	0.00000	337	0.00030	0	0.00000	99	0.00005	0	0.00000	0	0.00000
Sulfolobaceae	118883	F	0	0.00000	128	0.00012	0	0.00000	131	0.00007	0	0.00000	192	0.00009
Pyrodictiaceae	2307	F	0	0.00000	107	0.00010	0	0.00000	29	0.00001	0	0.00000	26	0.00001
Desulfurococcaceae	2272	F	0	0.00000	28	0.00003	0	0.00000	51	0.00003	0	0.00000	21	0.00001
Thermoproteaceae	2267	F	0	0.00000	53	0.00005	0	0.00000	29	0.00001	0	0.00000	41	0.00002
Thermofilaceae	114378	F	0	0.00000	37	0.00003	0	0.00000	92	0.00005	0	0.00000	37	0.00002
Nitrosopumilaceae	338190	F	0	0.00000	145	0.00013	0	0.00000	146	0.00007	0	0.00000	147	0.00007
Nitrososphaeraceae	1033997	F	0	0.00000	24	0.00002	0	0.00000	25	0.00001	0	0.00000	66	0.00003
Conexivisphaeraceae	2798276	F	0	0.00000	14	0.00001	0	0.00000	0	0.00000	0	0.00000	0	0.00000
Methanomethylophilaceae	2517203	F	0	0.00000	254	0.00023	0	0.00000	81	0.00004	0	0.00000	40	0.00002
Methanomassiliicoccaceae	1577788	F	0	0.00000	61	0.00006	0	0.00000	23	0.00001	0	0.00000	44	0.00002
Picrophilaceae	46630	F	0	0.00000	88	0.00008	0	0.00000	0	0.00000	0	0.00000	0	0.00000
Intestiviridae	2942964	F	0	0.00000	634	0.00057	14	0.00047	267	0.00013	75	0.00099	54	0.00002
Straboviridae	2946170	F	0	0.00000	62	0.00006	0	0.00000	43	0.00002	0	0.00000	519	0.00024
Herelleviridae	2560065	F	0	0.00000	158	0.00014	0	0.00000	768	0.00038	0	0.00000	360	0.00016
Kyanoviridae	2946160	F	0	0.00000	36	0.00003	0	0.00000	84	0.00004	0	0.00000	183	0.00008
Autographiviridae	2731643	F	0	0.00000	205	0.00019	0	0.00000	23	0.00001	0	0.00000	20	0.00001
Peduoviridae	2946167	F	0	0.00000	21	0.00002	0	0.00000	0	0.00000	0	0.00000	196	0.00009
Aliceevansviridae	3044455	F	0	0.00000	42	0.00004	0	0.00000	507	0.00025	0	0.00000	1202	0.00055
Stanwilliamsviridae	3044479	F	0	0.00000	57	0.00005	0	0.00000	0	0.00000	0	0.00000	0	0.00000
Ackermannviridae	2169529	F	0	0.00000	224	0.00020	0	0.00000	0	0.00000	0	0.00000	119	0.00005
Schitoviridae	2842329	F	0	0.00000	29	0.00003	0	0.00000	0	0.00000	0	0.00000	0	0.00000
Orthoherpesviridae	3044472	F	0	0.00000	17	0.00002	0	0.00000	0	0.00000	0	0.00000	12	0.00001
Mimiviridae	549779	F	0	0.00000	34	0.00003	0	0.00000	54	0.00003	0	0.00000	67	0.00003
Phycodnaviridae	10501	F	0	0.00000	23	0.00002	0	0.00000	0	0.00000	0	0.00000	0	0.00000
Leadbetterellaceae	3141702	F	0	0.00000	0	0.00000	0	0.00000	28	0.00001	0	0.00000	35	0.00002
Cytophagaceae	89373	F	0	0.00000	0	0.00000	0	0.00000	13	0.00001	0	0.00000	27	0.00001
Clostridiales Family XVII. Incertae Sedis	539000	F	0	0.00000	0	0.00000	0	0.00000	10	0.00000	0	0.00000	0	0.00000
Carnobacteriaceae	186828	F	0	0.00000	0	0.00000	0	0.00000	28	0.00001	0	0.00000	31	0.00001
Bartonellaceae	772	F	0	0.00000	0	0.00000	0	0.00000	10	0.00000	0	0.00000	0	0.00000
Zymomonadaceae	2844881	F	0	0.00000	0	0.00000	0	0.00000	66	0.00003	0	0.00000	0	0.00000
Rickettsiaceae	775	F	0	0.00000	0	0.00000	0	0.00000	12	0.00001	0	0.00000	0	0.00000
Oxalobacteraceae	75682	F	0	0.00000	0	0.00000	0	0.00000	54	0.00003	0	0.00000	36	0.00002
Alcaligenaceae	506	F	0	0.00000	0	0.00000	0	0.00000	14	0.00001	0	0.00000	0	0.00000
Rhodocyclaceae	75787	F	0	0.00000	0	0.00000	0	0.00000	24	0.00001	0	0.00000	151	0.00007
Desulfobacteraceae	213119	F	0	0.00000	0	0.00000	0	0.00000	26	0.00001	0	0.00000	0	0.00000
Ferroplasmaceae	90142	F	0	0.00000	0	0.00000	0	0.00000	32	0.00002	0	0.00000	18	0.00001
Candidatus Prometheoarchaeaceae	3049164	F	0	0.00000	0	0.00000	0	0.00000	22	0.00001	0	0.00000	986	0.00045
Demerecviridae	2731690	F	0	0.00000	0	0.00000	0	0.00000	93	0.00005	0	0.00000	149	0.00007
Potyviridae	39729	F	0	0.00000	0	0.00000	0	0.00000	13	0.00001	0	0.00000	0	0.00000
Baculoviridae	10442	F	0	0.00000	0	0.00000	0	0.00000	11	0.00001	0	0.00000	0	0.00000
Hafniaceae	1903412	F	0	0.00000	0	0.00000	0	0.00000	0	0.00000	0	0.00000	11	0.00001
Rhodanobacteraceae	1775411	F	0	0.00000	0	0.00000	0	0.00000	0	0.00000	0	0.00000	12	0.00001
Hydrogenophilaceae	206349	F	0	0.00000	0	0.00000	0	0.00000	0	0.00000	0	0.00000	282	0.00013
Nodosilineaceae	3039986	F	0	0.00000	0	0.00000	0	0.00000	0	0.00000	0	0.00000	43	0.00002
Synechococcaceae	1890426	F	0	0.00000	0	0.00000	0	0.00000	0	0.00000	0	0.00000	17	0.00001
Leptospiraceae	170	F	0	0.00000	0	0.00000	0	0.00000	0	0.00000	0	0.00000	18	0.00001
Acidobacteriaceae	204434	F	0	0.00000	0	0.00000	0	0.00000	0	0.00000	0	0.00000	18	0.00001
Caldisphaeraceae	255472	F	0	0.00000	0	0.00000	0	0.00000	0	0.00000	0	0.00000	48	0.00002
Thermoplasmataceae	46659	F	0	0.00000	0	0.00000	0	0.00000	0	0.00000	0	0.00000	42	0.00002
Casjensviridae	2943001	F	0	0.00000	0	0.00000	0	0.00000	0	0.00000	0	0.00000	17	0.00001
Poxviridae	10240	F	0	0.00000	0	0.00000	0	0.00000	0	0.00000	0	0.00000	22	0.00001
Spinareoviridae	2946187	F	0	0.00000	0	0.00000	0	0.00000	0	0.00000	0	0.00000	36	0.00002
Phenuiviridae	1980418	F	0	0.00000	0	0.00000	0	0.00000	0	0.00000	0	0.00000	11	0.00001
