taxonomy_id	CD_7_long	CD_7_short	TD_31_long	TD_31_short	TD_92_long	TD_92_short
39491	0.0763	0.04369	0.027	0.00806	0.00275	0.01047
39485	0.0667	0.05561	0.04741	0.00803	0.00886	0.01457
1261635	0.00314	0.00547	0.00101	0.0008	0.00065	0.00319
53443	0.00249	0.00375	0.00618	0.00185	0.0	3e-05
2714353	0.0769	0.12213	0.05794	0.01791	0.00705	0.01824
2714358	0.0173	0.01899	0.00442	0.00397	0.00026	0.00223
1502	0.05457	0.03233	0.0406	0.00553	0.00568	0.00669
2726954	0.00203	0.0	0.0	0.0	0.0	0.0
2109686	0.00152	0.0003	0.0026	0.00036	0.0	3e-05
1496	0.02113	0.02462	0.00958	0.00476	0.00315	0.01382
1490	0.00083	0.00034	0.00047	0.0001	0.00028	0.00086
1981510	0.00281	0.02354	0.00641	0.00451	0.00073	0.00604
1352	0.05734	0.02396	0.03526	0.00834	0.01703	0.0483
2420313	0.00189	0.00486	0.00226	0.00065	0.00028	0.00077
1304	0.00198	0.0001	0.00165	0.00093	0.00064	0.00213
1604	0.01472	0.00475	0.00992	0.00195	0.0	0.00104
1254	0.00065	0.00014	0.0	0.00011	0.0	0.00014
74426	0.19877	0.09587	0.00051	0.00097	0.0004	0.00149
338188	0.0304	0.01793	0.21121	0.33261	0.4067	0.30121
2755405	0.00738	0.00189	0.00564	0.0212	0.00707	0.00306
820	0.02832	0.00304	0.00192	0.00428	0.00318	0.00204
817	0.02163	0.06359	0.05308	0.09509	0.0169	0.01238
818	0.02408	0.01358	0.12125	0.06869	0.0	0.00105
28116	0.00955	0.00102	0.03736	0.01932	0.05733	0.02305
821	0.00969	0.00079	0.0	0.00681	0.0	0.00068
823	0.04438	0.02077	0.17358	0.26058	0.31872	0.15084
165179	0.00134	0.00824	0.00887	0.00635	0.0014	0.00038
562	0.03713	0.10886	0.01842	0.00829	0.11987	0.24824
573	0.04991	0.0506	0.00418	0.0008	0.00147	0.00238
244366	0.00194	0.00376	0.0	0.00013	0.0	6e-05
195	0.01236	0.00802	0.00945	0.00145	0.00089	0.00112
197	0.00212	0.01623	0.00351	0.00274	0.0	0.00096
9606	0.03349	0.01838	0.02325	0.01895	0.00479	0.01986
2955559	0.02952	0.0	0.0	0.0	0.0	0.0
2955382	0.00895	1e-05	0.0	0.0	0.0	0.0
2956060	0.01412	0.0	0.0	0.0	0.0	0.0
2956034	0.00646	1e-05	0.0	0.0	0.0	0.0
2956099	0.01204	0.0	0.0	0.0	0.0	0.0
2956046	0.00249	0.0	0.0	0.0	0.0	0.0
2956064	0.00189	0.0	0.0	0.0	0.0	0.0
2734150	0.00484	0.00162	0.0	0.00036	0.0	2e-05
2734262	0.00411	0.00074	0.0	0.0001	0.0	0.0
2734146	0.00078	0.0058	0.0	1e-05	0.0	0.0
2714355	0.0	0.00011	0.0	0.0	0.0	0.0
1264	0.0	0.00032	0.0	5e-05	0.0	1e-05
292800	0.0	3e-05	0.00148	0.00036	0.0	4e-05
169435	0.0	1e-05	0.0	0.0	0.0	0.0
238834	0.0	0.00473	0.0	0.00076	0.0	0.00187
1492	0.0	0.00081	0.0	0.00011	0.0	0.00024
411486	0.0	0.00077	0.0	0.00011	0.0	0.00065
1195166	0.0	0.00027	0.0	4e-05	0.0	0.00015
1491	0.0	0.0004	0.0	5e-05	0.0	0.0001
360422	0.0	7e-05	0.0	0.0	0.0	1e-05
1504	0.0	5e-05	0.0	0.0	0.0	2e-05
36839	0.0	3e-05	0.0	1e-05	0.0	0.0
1561	0.0	2e-05	0.0	0.0	0.0	1e-05
1488	0.0	1e-05	0.0	0.0	0.0	1e-05
831	0.0	0.00113	0.0	0.00054	0.0	0.00103
43305	0.0	0.00086	0.0	0.00015	0.0	0.00015
39488	0.0	0.0013	0.0	3e-05	0.0	1e-05
33038	0.0	0.00097	0.0	0.0	0.0	0.0
2681861	0.0	0.00078	0.0	0.00018	0.0	0.00045
185007	0.0	9e-05	0.0	2e-05	0.0	0.0
1505	0.0	0.00013	0.0	4e-05	0.0	0.00037
1731	0.0	0.00032	0.0	3e-05	0.0	9e-05
2731219	0.0	2e-05	0.0	1e-05	0.0	7e-05
1428	0.0	0.00096	0.0	0.00013	0.0	0.0004
1396	0.0	0.00022	0.0	9e-05	0.0	0.00017
1405	0.0	5e-05	0.0	1e-05	0.0	2e-05
2026187	0.0	8e-05	0.0	5e-05	0.0	0.0001
2925318	0.0	0.00058	0.0	9e-05	0.0	0.00036
3098077	0.0	0.00024	0.0	2e-05	0.0	1e-05
1423	0.0	0.00262	0.0	0.00045	0.0	0.0009
492670	0.0	9e-05	0.0	1e-05	0.0	8e-05
228899	0.0	0.00192	0.0	0.00041	0.0	0.00084
1404	0.0	0.00027	0.0	5e-05	0.0	0.00016
412384	0.0	0.00029	0.0	6e-05	0.0	0.00012
2499688	0.0	0.00025	0.0	3e-05	0.0	0.00011
3082444	0.0	0.00014	0.0	8e-05	0.0	7e-05
2777185	0.0	0.00011	0.0	3e-05	0.0	8e-05
2897333	0.0	0.00013	0.0	1e-05	0.0	5e-05
294699	0.0	5e-05	0.0	1e-05	0.0	1e-05
2844358	0.0	3e-05	0.0	3e-05	0.0	4e-05
279826	0.0	2e-05	0.0	3e-05	0.0	0.0
28031	0.0	1e-05	0.0	1e-05	0.0	2e-05
189381	0.0	2e-05	0.0	0.0	0.0	0.0
1426	0.0	5e-05	0.0	0.0	0.0	0.0
1406	0.0	0.00318	0.0	0.00056	0.0	0.00069
375489	0.0	0.00075	0.0	0.00018	0.0	0.00018
521520	0.0	0.00155	0.0	0.0	0.0	0.0
562959	0.0	0.00012	0.0	2e-05	0.0	1e-05
373687	0.0	1e-05	0.0	0.0	0.0	0.0
189691	0.0	6e-05	0.0	0.0	0.0	0.0006
867076	0.0	1e-05	0.0	0.0	0.0	0.0
1465	0.0	0.00134	0.0	0.00043	0.0	0.00052
1280	0.0	0.01661	0.0	0.00221	0.0	0.0079
246432	0.0	0.00067	0.0	0.0	0.0	0.0
1282	0.0	3e-05	0.0	4e-05	0.0	2e-05
1639	0.0	0.00195	0.0	0.00051	0.0	0.0009
1640	0.0	5e-05	0.0	0.0	0.0	0.0
1642	0.0	6e-05	0.0	3e-05	0.0	0.00012
414778	0.0	0.00012	0.0	0.0	0.0	0.00029
2051906	0.0	0.00021	0.0	7e-05	0.0	0.00034
1475485	0.0	1e-05	0.0	0.0	0.0	6e-05
2060307	0.0	0.00033	0.0	0.00016	0.0	3e-05
1351	0.0	0.00636	0.0	0.00133	0.0	0.00159
1354	0.0	0.00037	0.0	0.00033	0.0	0.0001
71452	0.0	8e-05	0.0	7e-05	0.0	0.00028
1353	0.0	9e-05	0.0	9e-05	0.0	0.00015
37734	0.0	0.00032	0.0	0.00016	0.0	6e-05
160453	0.0	3e-05	0.0	1e-05	0.0	6e-05
28038	0.0	0.00133	0.0	0.00041	0.0	0.00053
1580	0.0	0.00137	0.0	0.00016	0.0	0.0001
1624	0.0	0.00032	0.0	0.00013	0.00025	0.0001
1622	0.0	0.00021	0.0	7e-05	0.0	0.0
1590	0.0	0.00032	0.0	0.00025	0.0	0.0005
1598	0.0	0.00071	0.0	0.00078	0.00266	0.00207
137591	0.0	1e-05	0.0	0.0	0.0	0.0
1359	0.0	0.00084	0.0	0.00014	0.0	0.00014
1358	0.0	9e-05	0.0	0.00025	0.0	6e-05
1366	0.0	3e-05	0.0	0.00033	0.0	6e-05
1303	0.0	0.00031	0.00081	0.00085	0.0	0.00053
1839799	0.0	4e-05	0.0	0.00012	0.0	0.00011
1311	0.0	6e-05	0.0	7e-05	0.0	3e-05
1307	0.0	2e-05	0.0	3e-05	0.0	5e-05
1260	0.0	0.00032	0.0	0.00017	0.0	0.00023
33034	0.0	0.00011	0.0	1e-05	0.0	2e-05
361500	0.0	0.00018	0.0	5e-05	0.0	6e-05
1258	0.0	2e-05	0.0	0.0	0.0	0.0
971	0.0	0.00022	0.0	5e-05	0.0	0.00013
84112	0.0	0.00016	0.0	0.00024	0.0	0.0
37929	0.0	0.00608	0.0	0.0	0.0	0.0
2830993	0.0	0.00068	0.0	0.00019	0.0	0.0017
1704044	0.0	0.00015	0.0	7e-05	0.0	0.00094
2879620	0.0	0.00023	0.0	4e-05	0.0	0.00013
2886932	0.0	9e-05	0.0	1e-05	0.0	0.0
290399	0.0	0.00093	0.0	0.0	0.0	0.0
2955314	0.0	1e-05	0.0	0.0	0.0	0.0
2735316	0.0	0.00016	0.0	0.0	0.0	0.0
2175644	0.0	0.00048	0.0	9e-05	0.0	0.00041
2175674	0.0	0.00011	0.0	2e-05	0.0	0.0
2734618	0.0	0.00022	0.0	5e-05	0.0	0.00015
2002831	0.0	7e-05	0.0	2e-05	0.0	0.00022
2609253	0.0	0.0002	0.0	3e-05	0.0	0.0
2173174	0.0	0.00027	0.0	5e-05	0.0	0.00028
2871170	0.0	3e-05	0.0	1e-05	0.0	0.0
2017485	0.0	4e-05	0.0	0.0	0.0	0.0
57704	0.0	0.00239	0.0	0.0016	0.0	0.00796
43770	0.0	0.01123	0.0	0.0	0.0	0.0
37329	0.0	0.00164	0.0	0.00035	0.0	0.00185
334542	0.0	0.00046	0.0	0.00027	0.0	0.00061
2976005	0.0	1e-05	0.0	0.0	0.0	0.0
37919	0.0	2e-05	0.0	0.0	0.0	0.00017
103816	0.0	8e-05	0.0	0.0	0.0	0.0
1767	0.0	1e-05	0.0	0.0	0.0	0.0
216816	0.0	0.00522	0.00695	0.00097	0.00017	0.0011
1685	0.0	0.00046	0.0	0.0	0.0	0.00026
1686	0.0	6e-05	0.0	0.0	0.0	0.0
2866715	0.0	0.00021	0.0	7e-05	0.0	0.00043
2975847	0.0	0.00029	0.0	0.00014	0.0	0.0
3072183	0.0	8e-05	0.0	2e-05	0.0	1e-05
1522758	0.0	0.00064	0.0	9e-05	0.0	0.0
3075199	0.0	7e-05	0.0	2e-05	0.0	0.0
2903778	0.0	6e-05	0.0	2e-05	0.0	0.0
2975752	0.0	3e-05	0.0	0.0	0.0	0.0
2903869	0.0	0.00012	0.0	0.0	0.0	0.00058
2975684	0.0	3e-05	0.0	0.0	0.0	0.0
2420135	0.0	6e-05	0.0	0.0	0.0	0.0
2903790	0.0	2e-05	0.0	0.0	0.0	0.00017
2975673	0.0	2e-05	0.0	0.0	0.0	0.0
2975936	0.0	0.00031	0.0	0.0	0.0	0.0
2975809	0.0	1e-05	0.0	0.0	0.0	0.0
1927	0.0	0.00013	0.0	3e-05	0.0	1e-05
68203	0.0	9e-05	0.0	2e-05	0.0	1e-05
1901	0.0	5e-05	0.0	0.0	0.0	0.0
2865673	0.0	4e-05	0.0	1e-05	0.0	0.0
68286	0.0	2e-05	0.0	1e-05	0.0	0.0
68239	0.0	6e-05	0.0	3e-05	0.0	0.0
1886	0.0	0.00014	0.0	0.0	0.0	0.0
68174	0.0	2e-05	0.0	0.0	0.0	0.0
2903574	0.0	0.00033	0.0	0.0	0.0	0.00208
2903565	0.0	3e-05	0.0	0.0	0.0	0.0
2975960	0.0	0.00017	0.0	4e-05	0.0	6e-05
2975961	0.0	2e-05	0.0	1e-05	0.0	1e-05
93944	0.0	0.00195	0.0	0.00057	0.0	0.00331
3031114	0.0	0.00068	0.0	0.00012	0.0	0.00059
2805427	0.0	2e-05	0.0	0.0	0.0	0.0
1747	0.0	0.0058	0.0	0.00064	0.0	0.00151
544580	0.0	0.00173	0.0	0.00028	0.0	0.00129
2843216	0.0	1e-05	0.0	0.0	0.0	1e-05
68909	0.0	0.00108	0.0	0.0	0.0	0.0
2080419	0.0	5e-05	0.0	6e-05	0.0	0.0
2939437	0.0	3e-05	0.0	1e-05	0.0	0.0
2917691	0.0	1e-05	0.0	1e-05	0.0	1e-05
200252	0.0	8e-05	0.0	2e-05	0.0	0.0
1211322	0.0	6e-05	0.0	0.0	0.0	0.0
980427	0.0	3e-05	0.0	7e-05	0.0	0.0
317577	0.0	1e-05	0.0	1e-05	0.0	1e-05
2489213	0.0	1e-05	0.0	1e-05	0.0	0.0
274	0.0	3e-05	0.0	1e-05	0.0	0.0
172827	0.0	1e-05	0.0	0.0	0.0	0.0
1184	0.0	0.00113	0.0	0.00021	0.0	0.00072
2886352	0.0	0.0001	0.0	4e-05	0.0	5e-05
2576902	0.0	2e-05	0.0	1e-05	0.0	1e-05
1178	0.0	1e-05	0.0	0.0	0.0	0.0
1296340	0.0	2e-05	0.0	0.0	0.0	2e-05
155978	0.0	1e-05	0.0	0.0	0.0	1e-05
76629	0.0	0.00051	0.0	7e-05	0.0	0.0
171284	0.0	0.0001	0.0	4e-05	0.0	2e-05
2124	0.0	0.00026	0.0	4e-05	0.0	4e-05
2100	0.0	0.00039	0.0	0.00015	0.0	0.00017
500	0.0	6e-05	0.0	1e-05	0.0	1e-05
564	0.0	0.00014	0.0	4e-05	0.0005	0.00153
208962	0.0	3e-05	0.0	0.0	0.0	6e-05
571	0.0	0.00119	0.0	2e-05	0.00024	0.00177
1463165	0.0	0.0002	0.0	0.0	0.0	2e-05
1134687	0.0	0.00012	0.0	3e-05	0.0	6e-05
54291	0.0	5e-05	0.0	0.0	0.0	0.0
2923366	0.0	1e-05	0.0	0.0	0.0	0.0
158836	0.0	0.00073	0.01805	0.00134	0.0009	0.00257
61645	0.0	0.00016	0.0	2e-05	0.0	2e-05
550	0.0	0.0001	0.00715	0.00031	0.00034	0.00094
299767	0.0	1e-05	0.0	6e-05	0.0	1e-05
1812935	0.0	2e-05	0.0	2e-05	0.0	0.00027
1848517	0.0	1e-05	0.00084	4e-05	0.0	0.00023
28901	0.0	0.00045	0.0	0.00091	0.0	0.00051
83655	0.0	7e-05	0.0	0.0	0.0	0.0
546	0.0	5e-05	0.0	0.00024	0.0	0.0001
623	0.0	6e-05	0.0	0.0	0.0	0.0001
395631	0.0	1e-05	0.0	0.0	0.0	0.0
615	0.0	0.00051	0.0	0.0002	0.0	0.00011
300181	0.0	0.00016	0.0	0.0	0.0	0.0
34038	0.0	4e-05	0.0	0.0	0.0	0.0
2703885	0.0	4e-05	0.0	1e-05	0.0	1e-05
632	0.0	2e-05	0.0	2e-05	0.0	3e-05
584	0.0	0.00028	0.0	0.00012	0.0	0.00013
587	0.0	3e-05	0.0	0.0	0.0	1e-05
126385	0.0	2e-05	0.0	0.0	0.0	1e-05
592316	0.0	1e-05	0.0	0.0	0.0	1e-05
2052056	0.0	2e-05	0.0	0.0	0.0	0.0
549	0.0	5e-05	0.0	8e-05	0.0	6e-05
2364647	0.0	4e-05	0.0	0.0	0.0	0.0
452627	0.0	0.00144	0.0	0.00024	0.0	0.0004
2576841	0.0	0.00012	0.0	2e-05	0.0	1e-05
287	0.0	0.00094	0.0	0.00017	0.0	0.00032
46680	0.0	4e-05	0.0	1e-05	0.0	0.0
107445	0.0	7e-05	0.0	0.0	0.0	0.0
317	0.0	5e-05	0.0	3e-05	0.0	1e-05
47877	0.0	2e-05	0.0	0.0	0.0	0.0
303	0.0	2e-05	0.0	0.0	0.0	5e-05
587753	0.0	1e-05	0.0	1e-05	0.0	0.0
316	0.0	6e-05	0.0	1e-05	0.0	0.00018
648	0.0	0.00056	0.0	0.00041	0.0	0.00061
645	0.0	0.00023	0.0	0.00013	0.0	0.00026
346	0.0	0.00052	0.0	0.00017	0.0	0.0001
343	0.0	0.00011	0.0	3e-05	0.0	1e-05
56458	0.0	4e-05	0.0	1e-05	0.0	2e-05
40324	0.0	5e-05	0.0	1e-05	0.0	0.00013
470	0.0	0.00045	0.0	9e-05	0.0	0.00016
70346	0.0	5e-05	0.0	0.0	0.0	0.0
2136182	0.0	4e-05	0.0	0.0	0.0	0.0
28090	0.0	2e-05	0.0	0.0	0.0	0.0
2053287	0.0	1e-05	0.0	0.0	0.0	0.0
1927128	0.0	0.00014	0.0	0.0	0.0	0.0
2587865	0.0	0.00011	0.0	2e-05	0.0	1e-05
3027472	0.0	3e-05	0.0	1e-05	0.0	0.0
38293	0.0	2e-05	0.0	0.0	0.0	2e-05
1908198	0.0	1e-05	0.0	0.0	0.0	0.0
45056	0.0	0.0002	0.0	5e-05	0.0	7e-05
446	0.0	2e-05	0.0	0.0	0.0	0.0
96232	0.0	1e-05	0.0	0.0	0.0	0.0
332186	0.0	2e-05	0.0	0.0	0.0	0.0
38313	0.0	2e-05	0.0	2e-05	0.0	5e-05
2587843	0.0	2e-05	0.0	0.0	0.0	0.0
747	0.0	5e-05	0.0	2e-05	0.0	0.00015
1238	0.0	3e-05	0.0	1e-05	0.0	2e-05
1760988	0.0	1e-05	0.0	2e-05	0.0	3e-05
2731112	0.0	0.00015	0.0	5e-05	0.0	2e-05
2979862	0.0	5e-05	0.0	1e-05	0.0	1e-05
2919917	0.0	3e-05	0.0	1e-05	0.0	3e-05
2917727	0.0	0.00013	0.0	0.0	0.0	0.0
2979863	0.0	2e-05	0.0	2e-05	0.0	0.0
2979861	0.0	1e-05	0.0	0.0	0.0	1e-05
3039157	0.0	0.00021	0.0	0.0	0.0	0.0
3039156	0.0	2e-05	0.0	0.0	0.0	0.0
2731096	0.0	2e-05	0.0	2e-05	0.0	0.0
2613770	0.0	1e-05	0.0	0.0	0.0	1e-05
2849093	0.0	1e-05	0.0	0.0	0.0	0.0
2028343	0.0	1e-05	0.0	0.0	0.0	1e-05
2926709	0.0	1e-05	0.0	0.0	0.0	0.0
384	0.0	0.00081	0.0	0.00023	0.0	0.00043
1138190	0.0	0.00019	0.0	0.0	0.0	0.0
2041385	0.0	0.00012	0.0	0.0	0.0	0.0002
2506430	0.0	0.00012	0.0	4e-05	0.0	0.0
396	0.0	0.00011	0.0	2e-05	0.0	2e-05
1312183	0.0	2e-05	0.0	2e-05	0.0	0.00014
398	0.0	9e-05	0.0	0.0	0.0	0.0
293958	0.0	2e-05	0.0	0.0	0.0	0.0
56730	0.0	4e-05	0.0	0.0	0.0	8e-05
2081791	0.0	3e-05	0.0	2e-05	0.0	2e-05
1184720	0.0	2e-05	0.0	0.0	0.0	1e-05
50338	0.0	1e-05	0.0	1e-05	0.0	0.0
29449	0.0	2e-05	0.0	2e-05	0.0	1e-05
451876	0.0	2e-05	0.0	2e-05	0.0	0.0
3129230	0.0	0.00018	0.0	4e-05	0.0	0.00025
2060726	0.0	0.00012	0.0	5e-05	0.0	0.0
399	0.0	1e-05	0.0	1e-05	0.0	1e-05
358	0.0	0.00083	0.0	0.00026	0.0	0.00085
373	0.0	0.00013	0.0	7e-05	0.0	8e-05
28099	0.0	0.00011	0.0	0.0	0.0	0.0
3031126	0.0	2e-05	0.0	1e-05	0.0	1e-05
3133975	0.0	1e-05	0.0	0.0	0.0	0.0
379684	0.0	8e-05	0.0	0.0	0.0	0.0
1335061	0.0	8e-05	0.0	0.0	0.0	0.0
2715959	0.0	0.00219	0.0	0.00031	0.0	0.00035
879274	0.0	9e-05	0.0	0.00024	0.0	0.0
2871820	0.0	0.0003	0.0	3e-05	0.0	1e-05
352475	0.0	0.00045	0.0	0.00014	0.0	0.0
2613773	0.0	5e-05	0.0	1e-05	0.0	0.0
380	0.0	0.00018	0.0	9e-05	0.0	3e-05
110321	0.0	0.00032	0.0	0.00011	0.0	8e-05
194963	0.0	5e-05	0.0	0.0	0.0	0.0
382	0.0	0.00016	0.0	4e-05	0.0	5e-05
501572	0.0	3e-05	0.0	1e-05	0.0	0.0
375549	0.0	1e-05	0.0	1e-05	0.0	5e-05
106592	0.0	0.00013	0.0	7e-05	0.0	6e-05
555315	0.0	4e-05	0.0	1e-05	0.0	4e-05
2811423	0.0	2e-05	0.0	1e-05	0.0	1e-05
1969821	0.0	2e-05	0.0	1e-05	0.0	1e-05
1813451	0.0	2e-05	0.0	0.0	0.0	0.0
570505	0.0	0.00021	0.0	6e-05	0.0	2e-05
270351	0.0	0.00021	0.0	4e-05	0.0	3e-05
2883126	0.0	0.0001	0.0	3e-05	0.0	0.0
2807101	0.0	3e-05	0.0	1e-05	0.0	1e-05
408	0.0	0.0002	0.0	0.0	0.0	0.00104
2865838	0.0	0.00124	0.0	0.00016	0.0	0.00043
2589967	0.0	5e-05	0.0	2e-05	0.0	0.0
2654248	0.0	2e-05	0.0	1e-05	0.0	0.0
555316	0.0	3e-05	0.0	3e-05	0.0	1e-05
2978392	0.0	5e-05	0.0	0.0	0.0	1e-05
555317	0.0	2e-05	0.0	0.0	0.0	0.0
1867719	0.0	2e-05	0.0	1e-05	0.0	3e-05
2950541	0.0	4e-05	0.0	0.0	0.0	2e-05
1842539	0.0	0.00011	0.0	1e-05	0.0	0.0
1867715	0.0	1e-05	0.0	0.0	0.0	0.0
2699395	0.0	0.00012	0.0	3e-05	0.0	0.0
2857014	0.0	8e-05	0.0	2e-05	0.0	0.0
1320552	0.0	0.00042	0.0	0.0	0.0	0.0
444444	0.0	2e-05	0.0	0.0	0.0	0.0
2528642	0.0	1e-05	0.0	0.0	0.0	0.0
82367	0.0	0.00045	0.0	0.00014	0.0	0.0
34007	0.0	0.00068	0.0	0.00014	0.0	0.00013
266	0.0	0.00011	0.0	0.00012	0.0	8e-05
34004	0.0	7e-05	0.0	3e-05	0.0	3e-05
2560053	0.0	2e-05	0.0	2e-05	0.0	1e-05
34002	0.0	3e-05	0.0	0.0	0.0	0.0
147645	0.0	0.00014	0.0	0.0	0.0	0.0
184748	0.0	2e-05	0.0	1e-05	0.0	1e-05
1263728	0.0	2e-05	0.0	3e-05	0.0	2e-05
2812658	0.0	1e-05	0.0	0.0	0.0	0.0
379347	0.0	0.00057	0.0	0.00017	0.0	0.00089
2579971	0.0	0.00063	0.0	6e-05	0.0	6e-05
3131928	0.0	4e-05	0.0	0.0	0.0	0.0
1411902	0.0	0.00081	0.0	0.0	0.0	0.0
1063	0.0	2e-05	0.0	0.0	0.0	0.0
2500533	0.0	2e-05	0.0	1e-05	0.0	3e-05
154981	0.0	1e-05	0.0	0.0	0.0	0.0
564137	0.0	1e-05	0.0	0.0	0.0	0.0
195105	0.0	0.00027	0.0	0.0	0.0	0.0
2599296	0.0	1e-05	0.0	0.0	0.0	1e-05
1402135	0.0	0.00182	0.0	0.00054	0.0	0.00023
2930199	0.0	5e-05	0.0	0.0	0.0	0.0
89184	0.0	1e-05	0.0	0.0	0.0	0.0
1250539	0.0	0.00091	0.0	0.0	0.0	0.00327
1792508	0.0	1e-05	0.0	0.0	0.0	0.0
221822	0.0	0.00012	0.0	0.0	0.0	4e-05
92945	0.0	5e-05	0.0	2e-05	0.0	0.0
311180	0.0	1e-05	0.0	0.0	0.0	0.0
192	0.0	0.00066	0.0	0.00012	0.0	0.00029
2202148	0.0	0.00039	0.0	0.00011	0.0	0.00018
2970906	0.0	0.00051	0.0	0.00029	0.0	3e-05
137722	0.0	6e-05	0.0	5e-05	0.0	6e-05
664962	0.0	0.00012	0.0	7e-05	0.0	2e-05
286727	0.0	0.00021	0.0	3e-05	0.0	1e-05
682998	0.0	8e-05	0.0	1e-05	0.0	1e-05
193	0.0	0.0001	0.0	0.0001	0.0	0.0
1226968	0.0	3e-05	0.0	5e-05	0.0	1e-05
2220096	0.0	0.00032	0.0	0.0	0.0	0.00024
1612173	0.0	7e-05	0.0	1e-05	0.0	1e-05
28448	0.0	6e-05	0.0	1e-05	0.0	0.0
66229	0.0	0.00039	0.0	0.0	0.0	0.0
207340	0.0	0.00048	0.0	0.0	0.0	0.0
257708	0.0	2e-05	0.0	0.0	0.0	0.0
2768161	0.0	1e-05	0.0	0.0	0.0	9e-05
2558360	0.0	0.00013	0.0	0.0	0.0	0.0
2048283	0.0	6e-05	0.0	2e-05	0.0	2e-05
2780074	0.0	8e-05	0.0	0.00015	0.0	0.0
3109595	0.0	2e-05	0.0	2e-05	0.0	1e-05
2282397	0.0	2e-05	0.0	0.0	0.0	0.0
2726189	0.0	2e-05	0.0	1e-05	0.0	1e-05
205844	0.0	5e-05	0.0	0.0	0.0	0.0
158500	0.0	0.00013	0.0	0.0	0.0	9e-05
13688	0.0	0.00012	0.0	0.0	0.0	0.0
1549858	0.0	7e-05	0.0	2e-05	0.0	0.0
3038927	0.0	3e-05	0.0	2e-05	0.0	0.0
46429	0.0	5e-05	0.0	0.0	0.0	0.0
436663	0.0	0.00035	0.0	0.0	0.0	6e-05
284016	0.0	0.00131	0.0	7e-05	0.0	5e-05
2010972	0.0	6e-05	0.0	1e-05	0.0	3e-05
171437	0.0	0.00025	0.0	5e-05	0.0	1e-05
60552	0.0	0.00046	0.0	0.00015	0.0	0.00025
488730	0.0	0.00015	0.0	2e-05	0.0	2e-05
87883	0.0	5e-05	0.0	0.0	0.0	1e-05
95486	0.0	5e-05	0.0	0.00012	0.0	5e-05
2217913	0.0	0.00015	0.0	2e-05	0.0	0.0
1795043	0.0	3e-05	0.0	0.0	0.0	7e-05
305	0.0	0.00032	0.0	8e-05	0.0	8e-05
28097	0.0	0.00014	0.0	5e-05	0.0	0.00017
1310165	0.0	4e-05	0.0	0.0	0.0	8e-05
329	0.0	0.00038	0.0	0.0	0.0	0.0
3122075	0.0	5e-05	0.0	0.00023	0.0	0.00019
164546	0.0	0.00024	0.0	0.00011	0.0	0.0005
119219	0.0	0.0004	0.0	0.00013	0.0	0.0
2839983	0.0	7e-05	0.0	0.0	0.0	3e-05
151783	0.0	5e-05	0.0	0.0	0.0	0.0
96344	0.0	3e-05	0.0	0.0	0.0	3e-05
106590	0.0	2e-05	0.0	0.0	0.0	5e-05
2735434	0.0	6e-05	0.0	3e-05	0.0	2e-05
75105	0.0	2e-05	0.0	1e-05	0.0	0.0
2026199	0.0	4e-05	0.0	0.0	0.0	4e-05
148447	0.0	2e-05	0.0	2e-05	0.0	1e-05
140098	0.0	0.00016	0.0	0.0	0.0	0.00018
2814653	0.0	9e-05	0.0	3e-05	0.0	1e-05
207745	0.0	0.00029	0.0	9e-05	0.0	8e-05
2811425	0.0	2e-05	0.0	0.0	0.0	0.0
34073	0.0	0.00014	0.0	0.0001	0.0	0.00011
379895	0.0	0.00084	0.0	0.00054	0.0	0.00013
2877940	0.0	6e-05	0.0	3e-05	0.0	0.0
1658665	0.0	0.00023	0.0	0.00011	0.0	6e-05
391953	0.0	0.00023	0.0	0.0	0.0	0.0
36863	0.0	3e-05	0.0	0.0	0.0	0.0
2978127	0.0	2e-05	0.0	1e-05	0.0	0.0
1382803	0.0	0.00089	0.0	0.00036	0.0	0.0002
485	0.0	0.00022	0.0	0.00015	0.0	8e-05
2994951	0.0	5e-05	0.0	1e-05	0.0	1e-05
3117552	0.0	0.00015	0.0	0.00066	0.0	0.0
29523	0.0	4e-05	0.0	0.00037	0.00494	0.0015
674529	0.0	0.00073	0.00739	0.0101	0.0	0.00097
2650157	0.0	0.00077	0.0303	0.0136	0.00196	0.00046
371601	0.0	0.00051	0.0	0.00056	0.0	0.0
47678	0.0	0.00014	0.0	0.0	0.0	0.0
246787	0.0	0.00071	0.0	0.0	0.0	0.0
291644	0.0	1e-05	0.0	8e-05	0.0	2e-05
671267	0.0	8e-05	0.0	0.00045	0.0	0.0
357276	0.0	0.00031	0.0	0.00154	0.0	0.0
2518605	0.0	0.0024	0.00169	0.00133	0.00135	0.00046
652716	0.0	0.0009	0.0	0.00179	0.0	0.0008
28133	0.0	0.00021	0.0	0.00124	0.0	0.00039
2093856	0.0	0.00098	0.0	0.00228	0.0	0.00046
2530390	0.0	0.00016	0.0	0.00029	0.0	7e-05
626932	0.0	9e-05	0.0	4e-05	0.0	1e-05
837	0.0	4e-05	0.0	0.00013	0.0	2e-05
1807141	0.0	0.00047	0.0	9e-05	0.0	9e-05
1705393	0.0	2e-05	0.0	0.0	0.0	0.0
34085	0.0	0.00504	0.0	7e-05	0.0	0.00183
172045	0.0	1e-05	0.0	2e-05	0.0	1e-05
2920386	0.0	0.00016	0.0	0.0002	0.0	0.00011
3003262	0.0	2e-05	0.0	0.0	0.0	0.0
387638	0.0	0.00014	0.0	0.00031	0.0	8e-05
866807	0.0	5e-05	0.0	3e-05	0.0	0.0
1182444	0.0	1e-05	0.0	1e-05	0.0	2e-05
1705399	0.0	3e-05	0.0	0.00017	0.0	2e-05
2932248	0.0	2e-05	0.0	0.0	0.0	0.0
1385664	0.0	5e-05	0.0	2e-05	0.0	2e-05
512763	0.0	3e-05	0.0	0.0	0.0	0.0
373891	0.0	0.0001	0.0	1e-05	0.0	0.0
2994555	0.0	3e-05	0.0	0.00016	0.0	5e-05
3127471	0.0	1e-05	0.0	1e-05	0.0	4e-05
2567937	0.0	3e-05	0.0	0.00011	0.0	6e-05
861299	0.0	7e-05	0.0	1e-05	0.0	0.0001
1813019	0.0	0.00214	0.0	0.00043	0.0	3e-05
2893889	0.0	3e-05	0.0	0.0	0.0	1e-05
155615	0.0	0.00234	0.0	0.0004	0.0	0.0005
76859	0.0	6e-05	0.0	0.0	0.0	0.0
188913	0.0	0.00019	0.0	3e-05	0.0	8e-05
167642	0.0	0.00016	0.0	2e-05	0.0	8e-05
2996794	0.0	5e-05	0.0	0.0	0.0	7e-05
881	0.0	6e-05	0.0	1e-05	0.0	0.0
345370	0.0	1e-05	0.0	0.0	0.0	0.0
483547	0.0	2e-05	0.0	4e-05	0.0	4e-05
165	0.0	5e-05	0.0	1e-05	0.0	1e-05
2527974	0.0	3e-05	0.0	0.0	0.0	2e-05
1586233	0.0	0.00055	0.0	5e-05	0.0	0.0
2961599	0.0	0.00017	0.0	3e-05	0.0	0.0
2961595	0.0	3e-05	0.0	0.0	0.0	0.0
1380432	0.0	8e-05	0.0	5e-05	0.0	0.0
146826	0.0	8e-05	0.0	0.0	0.0	0.00012
3033390	0.0	7e-05	0.0	0.0	0.0	0.0
3032579	0.0	0.0001	0.0	0.0	0.0	0.0
1679096	0.0	8e-05	0.0	2e-05	0.0	0.0
2962673	0.0	4e-05	0.0	1e-05	0.0	1e-05
3034026	0.0	2e-05	0.0	0.0	0.0	1e-05
3026162	0.0	0.00058	0.0	0.0	0.0	0.0001
2257	0.0	2e-05	0.0	0.0	0.0	0.0
1710540	0.0	2e-05	0.0	0.0	0.0	0.0
1046043	0.0	0.00021	0.0	0.00021	0.0	5e-05
1364945	0.0	0.0001	0.0	0.0	0.0	0.0
3058903	0.0	4e-05	0.0	1e-05	0.0	0.0
3131993	0.0	0.00012	0.0	3e-05	0.0	3e-05
2841257	0.0	3e-05	0.0	3e-05	0.0	4e-05
1457250	0.0	3e-05	0.0	2e-05	0.0	0.0
2931977	0.0	0.00059	0.0	0.00019	0.0	0.0
2931976	0.0	0.0003	0.0	0.0	0.0	0.0
2962671	0.0	0.00015	0.0	0.0	0.0	0.00017
2962676	0.0	7e-05	0.0	0.0	0.0	2e-05
3033392	0.0	0.00018	0.0	7e-05	0.0	0.0
2934937	0.0	1e-05	0.0	1e-05	0.0	1e-05
3031916	0.0	7e-05	0.0	3e-05	0.0	0.0
3075121	0.0	9e-05	0.0	0.0	0.0	0.00039
3032001	0.0	2e-05	0.0	0.0	0.0	0.0
1017351	0.0	0.00016	0.0	0.0	0.0	0.0
2949993	0.0	0.0001	0.0	0.0	0.0	0.0
2949995	0.0	0.00027	0.0	8e-05	0.0	0.0
1547898	0.0	7e-05	0.0	3e-05	0.0	0.0
2252	0.0	0.00012	0.0	3e-05	0.0	1e-05
2246	0.0	0.0001	0.0	0.0	0.0	0.0
35746	0.0	1e-05	0.0	0.0	0.0	0.0
2247	0.0	0.0001	0.0	0.0	0.0	0.0
2572921	0.0	8e-05	0.0	0.0	0.0	0.0
755307	0.0	5e-05	0.0	1e-05	0.0	2e-05
1515595	0.0	1e-05	0.0	0.0	0.0	1e-05
1853690	0.0	0.00016	0.0	0.0	0.0	4e-05
1073996	0.0	8e-05	0.0	0.0	0.0	0.0
370324	0.0	8e-05	0.0	0.0	0.0	0.0
2878680	0.0	5e-05	0.0	0.0	0.0	2e-05
406552	0.0	4e-05	0.0	0.0	0.0	0.0
2961596	0.0	0.00017	0.0	2e-05	0.0	5e-05
2951804	0.0	3e-05	0.0	0.0	0.0	0.0
3068275	0.0	2e-05	0.0	0.0	0.0	1e-05
29288	0.0	3e-05	0.0	0.0	0.0	2e-05
1487865	0.0	2e-05	0.0	0.0	0.0	1e-05
2961597	0.0	2e-05	0.0	1e-05	0.0	0.0
3132747	0.0	3e-05	0.0	3e-05	0.0	0.0
62320	0.0	1e-05	0.0	0.0	0.0	0.0
2044521	0.0	4e-05	0.0	0.0	0.0	0.00013
61858	0.0	4e-05	0.0	0.0	0.0	2e-05
2963433	0.0	4e-05	0.0	2e-05	0.0	0.0
1586232	0.0	4e-05	0.0	0.0	0.0	0.0
229731	0.0	4e-05	0.0	0.0	0.0	0.0
2963434	0.0	1e-05	0.0	0.0	0.0	0.0
13769	0.0	2e-05	0.0	0.0	0.0	0.0
2650975	0.0	7e-05	0.0	3e-05	0.0	0.0
2953749	0.0	0.00037	0.0	0.0	0.0	0.00078
3034025	0.0	3e-05	0.0	0.0	0.0	0.0
2938695	0.0	0.00022	0.0	0.0	0.0	0.0
2953750	0.0	0.00103	0.0	0.0	0.0	0.00035
3120516	0.0	6e-05	0.0	0.0	0.0	0.0
2993314	0.0	2e-05	0.0	0.0	0.0	1e-05
1702103	0.0	5e-05	0.0	0.0	0.0	0.0
179637	0.0	0.00016	0.0	0.0	0.0	1e-05
413810	0.0	9e-05	0.0	0.0	0.0	0.0
3117459	0.0	2e-05	0.0	1e-05	0.0	1e-05
2039234	0.0	4e-05	0.0	2e-05	0.0	0.0
1407499	0.0	0.00024	0.0	0.0	0.0	4e-05
2902624	0.0	0.0003	0.0	0.0	0.0	0.0
1873524	0.0	3e-05	0.0	1e-05	0.0	0.0
3032283	0.0	0.00025	0.0	0.0	0.0	0.0
2599399	0.0	4e-05	0.0	0.0	0.0	1e-05
869888	0.0	2e-05	0.0	0.0	0.0	0.0
3072978	0.0	0.00023	0.0	4e-05	0.0	0.00014
536044	0.0	0.00021	0.0	4e-05	0.0	0.00011
218300	0.0	0.00015	0.0	9e-05	0.0	7e-05
3125784	0.0	8e-05	0.0	4e-05	0.0	9e-05
3136295	0.0	2e-05	0.0	7e-05	0.0	1e-05
3072977	0.0	5e-05	0.0	4e-05	0.0	0.0
1434100	0.0	7e-05	0.0	1e-05	0.0	2e-05
1434099	0.0	0.00023	0.0	0.0	0.0	0.0
2208	0.0	5e-05	0.0	3e-05	0.0	2e-05
2210	0.0	6e-05	0.0	8e-05	0.0	8e-05
2209	0.0	5e-05	0.0	6e-05	0.0	2e-05
170861	0.0	3e-05	0.0	0.0	0.0	1e-05
418008	0.0	1e-05	0.0	0.0	0.0	2e-05
38027	0.0	2e-05	0.0	0.0	0.0	1e-05
2176	0.0	0.00079	0.0	0.0	0.0	0.00013
2322	0.0	0.0002	0.0	1e-05	0.0	6e-05
2226	0.0	0.00017	0.0	3e-05	0.0	5e-05
2822137	0.0	6e-05	0.0	2e-05	0.0	8e-05
29291	0.0	4e-05	0.0	1e-05	0.0	1e-05
3028294	0.0	0.00023	0.0	0.00014	0.0	5e-05
3028295	0.0	0.00015	0.0	4e-05	0.0	1e-05
39669	0.0	0.00013	0.0	0.0	0.0	7e-05
101192	0.0	3e-05	0.0	2e-05	0.0	0.0
183759	0.0	3e-05	0.0	3e-05	0.0	5e-05
3028296	0.0	0.00015	0.0	0.0	0.0	0.00012
2609417	0.0	0.00037	0.0	0.00011	0.0	7e-05
2315	0.0	0.00013	0.0	2e-05	0.0	2e-05
33865	0.0	2e-05	0.0	4e-05	0.0	2e-05
299308	0.0	7e-05	0.0	0.0	0.0	0.0
126734	0.0	3e-05	0.0	1e-05	0.0	2e-05
2201	0.0	4e-05	0.0	2e-05	0.0	3e-05
54120	0.0	0.00017	0.0	4e-05	0.0	1e-05
83986	0.0	3e-05	0.0	1e-05	0.0	1e-05
118126	0.0	7e-05	0.0	2e-05	0.0	2e-05
487686	0.0	0.00014	0.0	0.00016	0.0	4e-05
1789226	0.0	4e-05	0.0	2e-05	0.0	0.00027
83984	0.0	0.00021	0.0	4e-05	0.0	2e-05
176309	0.0	4e-05	0.0	3e-05	0.0	2e-05
1005933	0.0	0.00016	0.0	5e-05	0.0	3e-05
882104	0.0	5e-05	0.0	4e-05	0.0	7e-05
358766	0.0	2e-05	0.0	1e-05	0.0	0.0
2203	0.0	9e-05	0.0	2e-05	0.0	6e-05
262503	0.0	4e-05	0.0	4e-05	0.0	1e-05
570267	0.0	9e-05	0.0	3e-05	0.0	1e-05
1175445	0.0	2e-05	0.0	1e-05	0.0	0.00017
301375	0.0	5e-05	0.0	5e-05	0.0	1e-05
2173	0.0	0.0011	0.0	5e-05	0.0	3e-05
294671	0.0	0.00051	0.0	5e-05	0.0	5e-05
1609968	0.0	0.00011	0.0	2e-05	0.0	9e-05
224719	0.0	6e-05	0.0	2e-05	0.0	2e-05
2870563	0.0	5e-05	0.0	0.0	0.0	2e-05
83816	0.0	0.00025	0.0	6e-05	0.0	0.00026
39441	0.0	0.0003	0.0	5e-05	0.0	0.00027
230361	0.0	4e-05	0.0	3e-05	0.0	3e-05
2317	0.0	0.00102	0.0	3e-05	0.0	2e-05
1452353	0.0	2e-05	0.0	2e-05	0.0	2e-05
1789762	0.0	3e-05	0.0	0.0	0.0	1e-05
2731220	0.0	5e-05	0.0	1e-05	0.0	1e-05
710190	0.0	0.00027	0.0	5e-05	0.0	0.0
176306	0.0	6e-05	0.0	3e-05	0.0	3e-05
868131	0.0	3e-05	0.0	1e-05	0.0	0.0
877455	0.0	1e-05	0.0	0.0	0.0	0.0
145262	0.0	2e-05	0.0	0.0	0.0	0.0
39152	0.0	0.00023	0.0	0.00024	0.0	0.00013
2187	0.0	0.00016	0.0	2e-05	0.0	2e-05
42879	0.0	5e-05	0.0	3e-05	0.0	1e-05
155863	0.0	0.00039	0.0	3e-05	0.0	5e-05
2186	0.0	2e-05	0.0	2e-05	0.0	5e-05
2546128	0.0	5e-05	0.0	0.0	0.0	0.0
1301915	0.0	5e-05	0.0	0.0	0.0	3e-05
1937005	0.0	4e-05	0.0	0.0	0.0	0.0
2320	0.0	3e-05	0.0	0.0	0.0	0.0
54262	0.0	6e-05	0.0	3e-05	0.0	2e-05
2016361	0.0	0.00026	0.0	2e-05	0.0	0.0
187878	0.0	5e-05	0.0	0.0	0.0	0.0
49899	0.0	1e-05	0.0	0.0	0.0	0.0
2016373	0.0	4e-05	0.0	0.00022	0.0	4e-05
2234	0.0	1e-05	0.0	1e-05	0.0	0.0
1316941	0.0	1e-05	0.0	0.0	0.0	1e-05
565033	0.0	2e-05	0.0	0.0	0.0	0.0
1577685	0.0	0.00032	0.0	6e-05	0.0	0.0
41673	0.0	1e-05	0.0	0.0	0.0	1e-05
43080	0.0	2e-05	0.0	1e-05	0.0	1e-05
2286	0.0	1e-05	0.0	0.0	0.0	0.0
54248	0.0	9e-05	0.0	0.0	0.0	0.0
181486	0.0	1e-05	0.0	0.0	0.0	0.0
70771	0.0	1e-05	0.0	0.0	0.0	0.0
2926850	0.0	2e-05	0.0	0.0	0.0	1e-05
1580092	0.0	4e-05	0.0	0.0	0.0	0.0
1898749	0.0	3e-05	0.0	0.0	0.0	0.0
1846278	0.0	2e-05	0.0	0.0	0.0	0.0
1874277	0.0	1e-05	0.0	0.0	0.0	0.0
1291540	0.0	0.00023	0.0	4e-05	0.0	1e-05
1406512	0.0	5e-05	0.0	1e-05	0.0	2e-05
46632	0.0	8e-05	0.0	0.0	0.0	0.0
673860	0.0	1e-05	0.0	0.0	0.0	0.0
2955711	0.0	0.0006	0.0	0.0	0.0	0.0
2955712	0.0	0.0001	0.0	4e-05	0.0	0.0
2955550	0.0	2e-05	0.0	0.0	0.0	0.0
2955551	0.0	2e-05	0.0	0.0	0.0	0.00012
2955232	0.0	3e-05	0.0	0.0	0.0	0.0
2955429	0.0	1e-05	0.0	0.0	0.0	0.0
2955582	0.0	0.00044	0.00037	0.0001	0.00021	0.0
2955583	0.0	9e-05	0.0	3e-05	0.0	0.0
2955861	0.0	3e-05	0.0	0.0	0.0	0.0
2734112	0.0	0.00104	0.0	0.0	0.0	0.0
2734248	0.0	0.00014	0.0	0.00012	0.0	0.0
10680	0.0	3e-05	0.0	0.0	0.0	0.0
1225789	0.0	7e-05	0.0	0.0	0.0	0.0
55884	0.0	1e-05	0.0	0.0	0.0	0.0
2734088	0.0	6e-05	0.0	2e-05	0.0	0.0
2844172	0.0	0.00029	0.0	0.0	0.0	9e-05
2560332	0.0	3e-05	0.0	1e-05	0.0	1e-05
2734105	0.0	5e-05	0.0	0.0	0.0	0.0
2734258	0.0	4e-05	0.0	0.0	0.0	1e-05
2956637	0.0	2e-05	0.0	0.0	0.0	0.0
2844247	0.0	9e-05	0.0	0.0	0.0	3e-05
2734119	0.0	2e-05	0.0	0.0	0.0	0.0
2844173	0.0	2e-05	0.0	0.0	0.0	2e-05
2841283	0.0	1e-05	0.0	0.0	0.0	0.0
1084719	0.0	1e-05	0.0	1e-05	0.0	1e-05
3060301	0.0	1e-05	0.0	0.0	0.0	0.0
2023057	0.0	1e-05	0.0	0.0	0.0	0.0
2972764	0.0	0.0	0.0	0.00094	0.0	0.0
376805	0.0	0.0	0.0	0.0001	0.0	3e-05
1217282	0.0	0.0	0.0	1e-05	0.0	0.0
2685834	0.0	0.0	0.0	1e-05	0.0	2e-05
2913620	0.0	0.0	0.0	0.00014	0.0	3e-05
2562892	0.0	0.0	0.0	0.00099	0.0	0.0
254955	0.0	0.0	0.0	2e-05	0.0	0.0
2596915	0.0	0.0	0.0	7e-05	0.0	0.0
388950	0.0	0.0	0.0	1e-05	0.0	0.0
312279	0.0	0.0	0.0	1e-05	0.0	2e-05
2898794	0.0	0.0	0.0	1e-05	0.0	0.0
34087	0.0	0.0	0.0	6e-05	0.0	0.0
29341	0.0	0.0	0.0	4e-05	0.0	0.0
1520	0.0	0.0	0.0	1e-05	0.0	0.0
1519	0.0	0.0	0.0	1e-05	0.0	0.0
338644	0.0	0.0	0.0	0.0	0.0	0.0
357441	0.0	0.0	0.0	0.00011	0.0	5e-05
2738	0.0	0.0	0.0	1e-05	0.0	2e-05
1308	0.0	0.0	0.0	0.00024	0.0	0.0
3077723	0.0	0.0	0.0	1e-05	0.0	0.0
2816910	0.0	0.0	0.0	0.00019	0.0	0.0
97478	0.0	0.0	0.0	6e-05	0.0	0.0
83683	0.0	0.0	0.0	1e-05	0.0	1e-05
47770	0.0	0.0	0.0	0.0	0.0	1e-05
1255	0.0	0.0	0.0	1e-05	0.0	7e-05
1597	0.0	0.0	0.0	2e-05	0.0	1e-05
1625	0.0	0.0	0.0	1e-05	0.0	0.0
1193095	0.0	0.0	0.0	1e-05	0.0	0.0
2751	0.0	0.0	0.0	1e-05	0.0	1e-05
1390	0.0	0.0	0.0	1e-05	0.0	0.0
1455	0.0	0.0	0.0	1e-05	0.0	1e-05
2929481	0.0	0.0	0.0	1e-05	0.0	0.0
1389960	0.0	0.0	0.0	0.00065	0.0	0.00048
192421	0.0	0.0	0.0	1e-05	0.0	0.0
2886935	0.0	0.0	0.0	1e-05	0.0	0.0
1275	0.0	0.0	0.0	0.00024	0.0	9e-05
43675	0.0	0.0	0.0	1e-05	0.0	0.0
211464	0.0	0.0	0.0	2e-05	0.0	0.0
2903649	0.0	0.0	0.0	3e-05	0.0	2e-05
1849967	0.0	0.0	0.0	1e-05	0.0	1e-05
2903667	0.0	0.0	0.0	2e-05	0.0	1e-05
1649184	0.0	0.0	0.0	4e-05	0.0	0.0
1961	0.0	0.0	0.0	2e-05	0.0	0.0
67385	0.0	0.0	0.0	1e-05	0.0	5e-05
3004093	0.0	0.0	0.0	2e-05	0.0	0.0
1893	0.0	0.0	0.0	2e-05	0.0	0.00022
1969	0.0	0.0	0.0	1e-05	0.0	0.0
29303	0.0	0.0	0.0	1e-05	0.0	1e-05
3031113	0.0	0.0	0.0	0.0	0.0	1e-05
502394	0.0	0.0	0.0	3e-05	0.0	1e-05
2737050	0.0	0.0	0.0	2e-05	0.0	0.0
310783	0.0	0.0	0.0	1e-05	0.0	3e-05
55148	0.0	0.0	0.0	8e-05	0.0	0.0
614	0.0	0.0	0.0	1e-05	0.0	0.0
1510570	0.0	0.0	0.0	1e-05	0.0	2e-05
2970818	0.0	0.0	0.0	2e-05	0.0	1e-05
553	0.0	0.0	0.0	8e-05	0.0	3e-05
59814	0.0	0.0	0.0	1e-05	0.0	2e-05
2902622	0.0	0.0	0.0	4e-05	0.0	0.0
47886	0.0	0.0	0.0	3e-05	0.0	0.0
2965074	0.0	0.0	0.0	2e-05	0.0	0.0
680	0.0	0.0	0.0	0.00012	0.0	0.0
670	0.0	0.0	0.0	8e-05	0.0	2e-05
55601	0.0	0.0	0.0	2e-05	0.0	0.0
2371	0.0	0.0	0.0	1e-05	0.0	0.0
1530123	0.0	0.0	0.0	6e-05	0.0	0.0
34062	0.0	0.0	0.0	1e-05	0.0	1e-05
28108	0.0	0.0	0.0	4e-05	0.0	8e-05
1190813	0.0	0.0	0.0	2e-05	0.0	2e-05
62322	0.0	0.0	0.0	1e-05	0.0	2e-05
111770	0.0	0.0	0.0	3e-05	0.0	1e-05
271065	0.0	0.0	0.0	1e-05	0.0	0.0
1132836	0.0	0.0	0.0	3e-05	0.0	0.0
158891	0.0	0.0	0.0	7e-05	0.0	0.0
1120045	0.0	0.0	0.0	1e-05	0.0	0.0
1842534	0.0	0.0	0.0	7e-05	0.0	0.0
2919913	0.0	0.0	0.0	2e-05	0.0	0.0
269660	0.0	0.0	0.0	0.00011	0.0	0.0
2897334	0.0	0.0	0.0	2e-05	0.0	0.0
3038539	0.0	0.0	0.0	1e-05	0.0	3e-05
2854036	0.0	0.0	0.0	0.00021	0.0	0.0
2885079	0.0	0.0	0.0	1e-05	0.0	0.0
227605	0.0	0.0	0.0	0.0	0.0	0.0
59779	0.0	0.0	0.0	3e-05	0.0	0.0
3035471	0.0	0.0	0.0	2e-05	0.0	0.0
2997337	0.0	0.0	0.0	2e-05	0.0	0.0
2169400	0.0	0.0	0.0	9e-05	0.0	0.0
652764	0.0	0.0	0.0	1e-05	0.0	0.0
2775420	0.0	0.0	0.0	0.00051	0.0	0.0
2768162	0.0	0.0	0.0	1e-05	0.0	1e-05
435	0.0	0.0	0.0	0.00091	0.0	0.0
204525	0.0	0.0	0.0	1e-05	0.0	0.0
542	0.0	0.0	0.0	3e-05	0.0	0.0
450378	0.0	0.0	0.0	1e-05	0.0	0.0
152480	0.0	0.0	0.0	2e-05	0.0	0.0
60550	0.0	0.0	0.0	1e-05	0.0	1e-05
1040979	0.0	0.0	0.0	2e-05	0.0	0.0
134536	0.0	0.0	0.0	2e-05	0.0	0.0
261302	0.0	0.0	0.0	1e-05	0.0	1e-05
216465	0.0	0.0	0.0	1e-05	0.0	0.00014
105560	0.0	0.0	0.0	1e-05	0.0	0.0
639200	0.0	0.0	0.0	0.0	0.0	2e-05
29581	0.0	0.0	0.0	1e-05	0.0	0.0
2811415	0.0	0.0	0.0	2e-05	0.0	0.00019
2296	0.0	0.0	0.0	1e-05	0.0	0.0
406548	0.0	0.0	0.0	2e-05	0.0	0.0
2878391	0.0	0.0	0.0	2e-05	0.0	0.0
1198301	0.0	0.0	0.0	1e-05	0.0	0.0
2961574	0.0	0.0	0.0	1e-05	0.0	2e-05
3034023	0.0	0.0	0.0	1e-05	0.0	1e-05
1510225	0.0	0.0	0.0	1e-05	0.0	0.0
2871694	0.0	0.0	0.0	2e-05	0.0	0.0
69527	0.0	0.0	0.0	2e-05	0.0	0.0
2675099	0.0	0.0	0.0	8e-05	0.0	8e-05
2953753	0.0	0.0	0.0	1e-05	0.0	1e-05
1552990	0.0	0.0	0.0	3e-05	0.0	1e-05
3034020	0.0	0.0	0.0	2e-05	0.0	1e-05
387343	0.0	0.0	0.0	2e-05	0.0	2e-05
2175149	0.0	0.0	0.0	0.00061	0.0	0.0
660522	0.0	0.0	0.0	1e-05	0.0	0.0
2055893	0.0	0.0	0.0	1e-05	0.0	1e-05
293091	0.0	0.0	0.0	1e-05	0.0	0.0
2953748	0.0	0.0	0.0	6e-05	0.0	4e-05
1008152	0.0	0.0	0.0	2e-05	0.0	1e-05
2814576	0.0	0.0	0.0	1e-05	0.0	0.0
1853682	0.0	0.0	0.0	1e-05	0.0	0.0
2862870	0.0	0.0	0.0	1e-05	0.0	1e-05
2214	0.0	0.0	0.0	6e-05	0.0	2e-05
39664	0.0	0.0	0.0	1e-05	0.0	1e-05
2199	0.0	0.0	0.0	5e-05	0.0	3e-05
394967	0.0	0.0	0.0	1e-05	0.0	0.0
2190	0.0	0.0	0.0	3e-05	0.0	0.0
73913	0.0	0.0	0.0	0.00016	0.0	0.0002
55802	0.0	0.0	0.0	1e-05	0.0	1e-05
110164	0.0	0.0	0.0	1e-05	0.0	1e-05
172049	0.0	0.0	0.0	1e-05	0.0	0.0
29292	0.0	0.0	0.0	1e-05	0.0	1e-05
58290	0.0	0.0	0.0	1e-05	0.0	0.0
2886040	0.0	0.0	0.0	1e-05	0.0	0.0
312539	0.0	0.0	0.0	2e-05	0.0	2e-05
2824673	0.0	0.0	0.0	1e-05	0.0	0.0
1365176	0.0	0.0	0.0	4e-05	0.0	1e-05
1510466	0.0	0.0	0.0	3e-05	0.0	0.0
1470066	0.0	0.0	0.0	2e-05	0.0	0.0
2594042	0.0	0.0	0.0	1e-05	0.0	9e-05
3059794	0.0	0.0	0.0	0.00015	0.0	6e-05
3059822	0.0	0.0	0.0	1e-05	0.0	0.0
1051631	0.0	0.0	0.0	1e-05	0.0	0.0
2955235	0.0	0.0	0.0	1e-05	0.0	0.0
1924733	0.0	0.0	0.0	0.0001	0.0	0.0
2734096	0.0	0.0	0.0	6e-05	0.0	0.0
1105171	0.0	0.0	0.0	2e-05	0.0	7e-05
1701837	0.0	0.0	0.0	6e-05	0.0	0.0
2734114	0.0	0.0	0.0	1e-05	0.0	0.0
2734234	0.0	0.0	0.0	2e-05	0.0	0.0
2060092	0.0	0.0	0.0	1e-05	0.0	0.0
3059904	0.0	0.0	0.0	1e-05	0.0	1e-05
3060737	0.0	0.0	0.0	0.0	0.0	0.0
12216	0.0	0.0	0.0	1e-05	0.0	0.0
208479	0.0	0.0	0.0	0.0	0.00016	0.00013
2955499	0.0	0.0	0.0	0.0	0.00023	0.0
2932254	0.0	0.0	0.0	0.0	0.0	4e-05
3128900	0.0	0.0	0.0	0.0	0.0	1e-05
1499973	0.0	0.0	0.0	0.0	0.0	4e-05
2707174	0.0	0.0	0.0	0.0	0.0	2e-05
1905288	0.0	0.0	0.0	0.0	0.0	1e-05
599	0.0	0.0	0.0	0.0	0.0	3e-05
624	0.0	0.0	0.0	0.0	0.0	8e-05
622	0.0	0.0	0.0	0.0	0.0	1e-05
1639133	0.0	0.0	0.0	0.0	0.0	2e-05
67827	0.0	0.0	0.0	0.0	0.0	2e-05
61648	0.0	0.0	0.0	0.0	0.0	2e-05
413497	0.0	0.0	0.0	0.0	0.0	1e-05
2060066	0.0	0.0	0.0	0.0	0.0	0.00017
633	0.0	0.0	0.0	0.0	0.0	1e-05
29484	0.0	0.0	0.0	0.0	0.0	0.0
582	0.0	0.0	0.0	0.0	0.0	4e-05
638	0.0	0.0	0.0	0.0	0.0	1e-05
552	0.0	0.0	0.0	0.0	0.0	3e-05
2871095	0.0	0.0	0.0	0.0	0.0	1e-05
1346287	0.0	0.0	0.0	0.0	0.0	1e-05
993689	0.0	0.0	0.0	0.0	0.0	1e-05
882626	0.0	0.0	0.0	0.0	0.0	1e-05
3071082	0.0	0.0	0.0	0.0	0.0	1e-05
314275	0.0	0.0	0.0	0.0	0.0	1e-05
2587862	0.0	0.0	0.0	0.0	0.0	1e-05
1935446	0.0	0.0	0.0	0.0	0.0	1e-05
96230	0.0	0.0	0.0	0.0	0.0	1e-05
2795216	0.0	0.0	0.0	0.0	0.0	1e-05
3138252	0.0	0.0	0.0	0.0	0.0	0.00021
1183412	0.0	0.0	0.0	0.0	0.0	5e-05
864069	0.0	0.0	0.0	0.0	0.0	1e-05
2992140	0.0	0.0	0.0	0.0	0.0	2e-05
2777942	0.0	0.0	0.0	0.0	0.0	1e-05
2033869	0.0	0.0	0.0	0.0	0.0	1e-05
43057	0.0	0.0	0.0	0.0	0.0	1e-05
3051171	0.0	0.0	0.0	0.0	0.0	1e-05
1229727	0.0	0.0	0.0	0.0	0.0	0.00013
2867014	0.0	0.0	0.0	0.0	0.0	2e-05
506591	0.0	0.0	0.0	0.0	0.0	1e-05
1844006	0.0	0.0	0.0	0.0	0.0	1e-05
390641	0.0	0.0	0.0	0.0	0.0	1e-05
1943633	0.0	0.0	0.0	0.0	0.0	1e-05
1064539	0.0	0.0	0.0	0.0	0.0	2e-05
62140	0.0	0.0	0.0	0.0	0.0	0.00017
2558361	0.0	0.0	0.0	0.0	0.0	4e-05
65958	0.0	0.0	0.0	0.0	0.0	3e-05
3025670	0.0	0.0	0.0	0.0	0.0	1e-05
76947	0.0	0.0	0.0	0.0	0.0	3e-05
13690	0.0	0.0	0.0	0.0	0.0	0.0002
225971	0.0	0.0	0.0	0.0	0.0	1e-05
2920269	0.0	0.0	0.0	0.0	0.0	4e-05
2027911	0.0	0.0	0.0	0.0	0.0	1e-05
2705548	0.0	0.0	0.0	0.0	0.0	3e-05
1071679	0.0	0.0	0.0	0.0	0.0	4e-05
1597781	0.0	0.0	0.0	0.0	0.0	1e-05
1141883	0.0	0.0	0.0	0.0	0.0	1e-05
153493	0.0	0.0	0.0	0.0	0.0	1e-05
297	0.0	0.0	0.0	0.0	0.0	0.00013
46867	0.0	0.0	0.0	0.0	0.0	1e-05
1509	0.0	0.0	0.0	0.0	0.0	1e-05
1529	0.0	0.0	0.0	0.0	0.0	1e-05
2603296	0.0	0.0	0.0	0.0	0.0	0.0001
33970	0.0	0.0	0.0	0.0	0.0	2e-05
1613	0.0	0.0	0.0	0.0	0.0	4e-05
2742601	0.0	0.0	0.0	0.0	0.0	2e-05
1599	0.0	0.0	0.0	0.0	0.0	4e-05
1589	0.0	0.0	0.0	0.0	0.0	3e-05
2962679	0.0	0.0	0.0	0.0	0.0	9e-05
267818	0.0	0.0	0.0	0.0	0.0	2e-05
151781	0.0	0.0	0.0	0.0	0.0	1e-05
1596	0.0	0.0	0.0	0.0	0.0	1e-05
89059	0.0	0.0	0.0	0.0	0.0	1e-05
267363	0.0	0.0	0.0	0.0	0.0	0.00011
1249	0.0	0.0	0.0	0.0	0.0	3e-05
33964	0.0	0.0	0.0	0.0	0.0	1e-05
1245	0.0	0.0	0.0	0.0	0.0	1e-05
2026186	0.0	0.0	0.0	0.0	0.0	0.00032
450367	0.0	0.0	0.0	0.0	0.0	2e-05
86664	0.0	0.0	0.0	0.0	0.0	3e-05
2874282	0.0	0.0	0.0	0.0	0.0	1e-05
2901381	0.0	0.0	0.0	0.0	0.0	1e-05
33940	0.0	0.0	0.0	0.0	0.0	5e-05
3022697	0.0	0.0	0.0	0.0	0.0	1e-05
2879617	0.0	0.0	0.0	0.0	0.0	0.00061
2830999	0.0	0.0	0.0	0.0	0.0	0.00013
2879622	0.0	0.0	0.0	0.0	0.0	0.00012
446860	0.0	0.0	0.0	0.0	0.0	3e-05
1833	0.0	0.0	0.0	0.0	0.0	2e-05
2975769	0.0	0.0	0.0	0.0	0.0	0.0002
3081765	0.0	0.0	0.0	0.0	0.0	0.00013
477697	0.0	0.0	0.0	0.0	0.0	6e-05
3033810	0.0	0.0	0.0	0.0	0.0	7e-05
2903883	0.0	0.0	0.0	0.0	0.0	5e-05
2903640	0.0	0.0	0.0	0.0	0.0	1e-05
2975703	0.0	0.0	0.0	0.0	0.0	2e-05
2903660	0.0	0.0	0.0	0.0	0.0	1e-05
1920	0.0	0.0	0.0	0.0	0.0	0.00023
1919	0.0	0.0	0.0	0.0	0.0	0.00018
285578	0.0	0.0	0.0	0.0	0.0	1e-05
68200	0.0	0.0	0.0	0.0	0.0	1e-05
2184053	0.0	0.0	0.0	0.0	0.0	0.0
264691	0.0	0.0	0.0	0.0	0.0	1e-05
3037479	0.0	0.0	0.0	0.0	0.0	2e-05
32046	0.0	0.0	0.0	0.0	0.0	1e-05
76517	0.0	0.0	0.0	0.0	0.0	3e-05
28198	0.0	0.0	0.0	0.0	0.0	2e-05
1054034	0.0	0.0	0.0	0.0	0.0	1e-05
28182	0.0	0.0	0.0	0.0	0.0	1e-05
940615	0.0	0.0	0.0	0.0	0.0	1e-05
2980181	0.0	0.0	0.0	0.0	0.0	6e-05
869889	0.0	0.0	0.0	0.0	0.0	2e-05
2961939	0.0	0.0	0.0	0.0	0.0	3e-05
3033386	0.0	0.0	0.0	0.0	0.0	1e-05
2961571	0.0	0.0	0.0	0.0	0.0	1e-05
2961598	0.0	0.0	0.0	0.0	0.0	1e-05
1699371	0.0	0.0	0.0	0.0	0.0	1e-05
2961570	0.0	0.0	0.0	0.0	0.0	1e-05
2878535	0.0	0.0	0.0	0.0	0.0	1e-05
2931975	0.0	0.0	0.0	0.0	0.0	1e-05
2739057	0.0	0.0	0.0	0.0	0.0	4e-05
2949307	0.0	0.0	0.0	0.0	0.0	1e-05
2876190	0.0	0.0	0.0	0.0	0.0	1e-05
3075123	0.0	0.0	0.0	0.0	0.0	4e-05
60847	0.0	0.0	0.0	0.0	0.0	1e-05
2784880	0.0	0.0	0.0	0.0	0.0	1e-05
1715806	0.0	0.0	0.0	0.0	0.0	3e-05
118062	0.0	0.0	0.0	0.0	0.0	8e-05
2025351	0.0	0.0	0.0	0.0	0.0	1e-05
710191	0.0	0.0	0.0	0.0	0.0	1e-05
680118	0.0	0.0	0.0	0.0	0.0	1e-05
83171	0.0	0.0	0.0	0.0	0.0	4e-05
2189	0.0	0.0	0.0	0.0	0.0	6e-05
1712654	0.0	0.0	0.0	0.0	0.0	1e-05
2265	0.0	0.0	0.0	0.0	0.0	1e-05
282676	0.0	0.0	0.0	0.0	0.0	0.0
207809	0.0	0.0	0.0	0.0	0.0	1e-05
69656	0.0	0.0	0.0	0.0	0.0	1e-05
13773	0.0	0.0	0.0	0.0	0.0	0.0
76887	0.0	0.0	0.0	0.0	0.0	1e-05
1200300	0.0	0.0	0.0	0.0	0.0	1e-05
54256	0.0	0.0	0.0	0.0	0.0	1e-05
200415	0.0	0.0	0.0	0.0	0.0	2e-05
718286	0.0	0.0	0.0	0.0	0.0	3e-05
338192	0.0	0.0	0.0	0.0	0.0	1e-05
1459637	0.0	0.0	0.0	0.0	0.0	2e-05
1798806	0.0	0.0	0.0	0.0	0.0	0.0
50339	0.0	0.0	0.0	0.0	0.0	2e-05
97393	0.0	0.0	0.0	0.0	0.0	1e-05
379547	0.0	0.0	0.0	0.0	0.0	1e-05
1124654	0.0	0.0	0.0	0.0	0.0	0.0002
99179	0.0	0.0	0.0	0.0	0.0	3e-05
139870	0.0	0.0	0.0	0.0	0.0	1e-05
2845816	0.0	0.0	0.0	0.0	0.0	1e-05
414970	0.0	0.0	0.0	0.0	0.0	1e-05
2955549	0.0	0.0	0.0	0.0	0.0	2e-05
2955554	0.0	0.0	0.0	0.0	0.0	1e-05
1982579	0.0	0.0	0.0	0.0	0.0	0.00011
1864623	0.0	0.0	0.0	0.0	0.0	1e-05
3059977	0.0	0.0	0.0	0.0	0.0	3e-05
2734062	0.0	0.0	0.0	0.0	0.0	1e-05
2956672	0.0	0.0	0.0	0.0	0.0	2e-05
2844249	0.0	0.0	0.0	0.0	0.0	0.00013
2844245	0.0	0.0	0.0	0.0	0.0	7e-05
1524881	0.0	0.0	0.0	0.0	0.0	2e-05
1912492	0.0	0.0	0.0	0.0	0.0	2e-05
348058	0.0	0.0	0.0	0.0	0.0	2e-05
2748764	0.0	0.0	0.0	0.0	0.0	3e-05
2844123	0.0	0.0	0.0	0.0	0.0	9e-05
2844251	0.0	0.0	0.0	0.0	0.0	2e-05
2844207	0.0	0.0	0.0	0.0	0.0	3e-05
2844174	0.0	0.0	0.0	0.0	0.0	3e-05
2844171	0.0	0.0	0.0	0.0	0.0	2e-05
2956317	0.0	0.0	0.0	0.0	0.0	1e-05
1984796	0.0	0.0	0.0	0.0	0.0	1e-05
1921120	0.0	0.0	0.0	0.0	0.0	1e-05
2169925	0.0	0.0	0.0	0.0	0.0	1e-05
2843967	0.0	0.0	0.0	0.0	0.0	4e-05
10683	0.0	0.0	0.0	0.0	0.0	1e-05
2846185	0.0	0.0	0.0	0.0	0.0	1e-05
2734156	0.0	0.0	0.0	0.0	0.0	1e-05
2912654	0.0	0.0	0.0	0.0	0.0	0.0
240426	0.0	0.0	0.0	0.0	0.0	1e-05
2734338	0.0	0.0	0.0	0.0	0.0	2e-05
3052280	0.0	0.0	0.0	0.0	0.0	1e-05
1605721	0.0	0.0	0.0	0.0	0.0	1e-05
